> Air Mass 1.5 spectrum "Direct + Circumsolar" (DCS), "edition 2"
> Direct = Direct Normal Irradiance Nearly parallel (0.5 deg divergent cone) radiation 
> on surface with surface normal tracking (pointing to) the sun, 
> excluding scattered sky and reflected ground radiation
> Circumsolar = Spectral irradiance within +/- 2.5 degree (5 degree diameter) field of view 
> centered on the 0.5 deg diameter solar disk, but excluding the radiation from the disk  
> Source: "ASTM G173-03 Reference Spectra 
Derived from SMARTS v. 2.9.2 (AM1.5)"							
> (NREL website, april 2009)
> Adaption to SCAPS format: MB 17-5-2009
> The first column is wavelength in nm
> The value in the second column is the incident power, in W/m2, in a wavelength range from half-away the preceeding lambda-interval, to half-away the next lambda-interval
> (we have artificially added one line before the table: 279 nm, 0 W/m2/nm
>   and one line after the table: 4010 nm, 0 W/m2/nm)
> The total incident power of the AM1.5DCS ed.2 spectrum (summing the data in the second column) is 900.17492878 W/m2
> lambda (nm)	P(W/m2)
280.0	1.902075E-26
280.5	5.458500E-25
281.0	3.062650E-24
281.5	1.373950E-22
282.0	1.417300E-21
282.5	6.635500E-21
283.0	3.382300E-20
283.5	7.307000E-20
284.0	2.491900E-18
284.5	1.081200E-17
285.0	4.499900E-17
285.5	3.221200E-16
286.0	1.175150E-15
286.5	9.229000E-15
287.0	3.627350E-14
287.5	1.830900E-13
288.0	1.403050E-12
288.5	4.532550E-12
289.0	1.748900E-11
289.5	7.684000E-11
290.0	2.572700E-10
290.5	6.651500E-10
291.0	1.948250E-09
291.5	7.212500E-09
292.0	2.039450E-08
292.5	3.520700E-08
293.0	7.880000E-08
293.5	2.354750E-07
294.0	4.727900E-07
294.5	7.982500E-07
295.0	1.612300E-06
295.5	4.010300E-06
296.0	7.368500E-06
296.5	1.165600E-05
297.0	1.659350E-05
297.5	3.395600E-05
298.0	5.563500E-05
298.5	7.135000E-05
299.0	1.016150E-04
299.5	1.869300E-04
300.0	2.281550E-04
300.5	2.860350E-04
301.0	4.596300E-04
301.5	6.600500E-04
302.0	7.285000E-04
302.5	1.095500E-03
303.0	1.866600E-03
303.5	2.402200E-03
304.0	2.548650E-03
304.5	3.233750E-03
305.0	4.466800E-03
305.5	5.093000E-03
306.0	5.075000E-03
306.5	5.784000E-03
307.0	7.623000E-03
307.5	9.734000E-03
308.0	1.037650E-02
308.5	1.137500E-02
309.0	1.114900E-02
309.5	1.183600E-02
310.0	1.391300E-02
310.5	1.793950E-02
311.0	2.269600E-02
311.5	2.307800E-02
312.0	2.544900E-02
312.5	2.688300E-02
313.0	2.916150E-02
313.5	2.949950E-02
314.0	3.263300E-02
314.5	3.523800E-02
315.0	3.684300E-02
315.5	3.241650E-02
316.0	3.354400E-02
316.5	4.055900E-02
317.0	4.651000E-02
317.5	4.985600E-02
318.0	4.790750E-02
318.5	5.002500E-02
319.0	5.485500E-02
319.5	5.346500E-02
320.0	5.638500E-02
320.5	6.652500E-02
321.0	6.707000E-02
321.5	6.408500E-02
322.0	6.100000E-02
322.5	5.985000E-02
323.0	5.811500E-02
323.5	6.696500E-02
324.0	7.426000E-02
324.5	7.733500E-02
325.0	7.752000E-02
325.5	8.968000E-02
326.0	1.043400E-01
326.5	1.108100E-01
327.0	1.091700E-01
327.5	1.064250E-01
328.0	9.886500E-02
328.5	1.033750E-01
329.0	1.164850E-01
329.5	1.293200E-01
330.0	1.309600E-01
330.5	1.205150E-01
331.0	1.141750E-01
331.5	1.181750E-01
332.0	1.225400E-01
332.5	1.232750E-01
333.0	1.213150E-01
333.5	1.163250E-01
334.0	1.191150E-01
334.5	1.271700E-01
335.0	1.323850E-01
335.5	1.294700E-01
336.0	1.190650E-01
336.5	1.104950E-01
337.0	1.088350E-01
337.5	1.171700E-01
338.0	1.266050E-01
338.5	1.327450E-01
339.0	1.354800E-01
339.5	1.392350E-01
340.0	1.482950E-01
340.5	1.483700E-01
341.0	1.396600E-01
341.5	1.392650E-01
342.0	1.456050E-01
342.5	1.514800E-01
343.0	1.542850E-01
343.5	1.462300E-01
344.0	1.267600E-01
344.5	1.221950E-01
345.0	1.392700E-01
345.5	1.488050E-01
346.0	1.456600E-01
346.5	1.487350E-01
347.0	1.515900E-01
347.5	1.467550E-01
348.0	1.465300E-01
348.5	1.494200E-01
349.0	1.443200E-01
349.5	1.486000E-01
350.0	1.645650E-01
350.5	1.773550E-01
351.0	1.730150E-01
351.5	1.669400E-01
352.0	1.633700E-01
352.5	1.547700E-01
353.0	1.648750E-01
353.5	1.817550E-01
354.0	1.926150E-01
354.5	1.952150E-01
355.0	1.957000E-01
355.5	1.893900E-01
356.0	1.781350E-01
356.5	1.674750E-01
357.0	1.476350E-01
357.5	1.497500E-01
358.0	1.396800E-01
358.5	1.299900E-01
359.0	1.532500E-01
359.5	1.850650E-01
360.0	1.962000E-01
360.5	1.858350E-01
361.0	1.713900E-01
361.5	1.682350E-01
362.0	1.767500E-01
362.5	1.940200E-01
363.0	2.000250E-01
363.5	1.949700E-01
364.0	2.023600E-01
364.5	2.008950E-01
365.0	2.090500E-01
365.5	2.305500E-01
366.0	2.475400E-01
366.5	2.484700E-01
367.0	2.443450E-01
367.5	2.402050E-01
368.0	2.265950E-01
368.5	2.255300E-01
369.0	2.362200E-01
369.5	2.542800E-01
370.0	2.583300E-01
370.5	2.339900E-01
371.0	2.381400E-01
371.5	2.479350E-01
372.0	2.325300E-01
372.5	2.219450E-01
373.0	2.141650E-01
373.5	1.934100E-01
374.0	1.932550E-01
374.5	1.921750E-01
375.0	2.054350E-01
375.5	2.275700E-01
376.0	2.360900E-01
376.5	2.326900E-01
377.0	2.500700E-01
377.5	2.794500E-01
378.0	3.015700E-01
378.5	2.944600E-01
379.0	2.630800E-01
379.5	2.362750E-01
380.0	2.487550E-01
380.5	2.669800E-01
381.0	2.721200E-01
381.5	2.456750E-01
382.0	2.097900E-01
382.5	1.818050E-01
383.0	1.632400E-01
383.5	1.582900E-01
384.0	1.834450E-01
384.5	2.211950E-01
385.0	2.431900E-01
385.5	2.327450E-01
386.0	2.249200E-01
386.5	2.342400E-01
387.0	2.367150E-01
387.5	2.336550E-01
388.0	2.317500E-01
388.5	2.304800E-01
389.0	2.506050E-01
389.5	2.781850E-01
390.0	2.922850E-01
390.5	2.951900E-01
391.0	3.131700E-01
391.5	3.180850E-01
392.0	2.932800E-01
392.5	2.448050E-01
393.0	1.775100E-01
393.5	1.413600E-01
394.0	1.839000E-01
394.5	2.540550E-01
395.0	3.004800E-01
395.5	3.205050E-01
396.0	2.822150E-01
396.5	2.055050E-01
397.0	1.594100E-01
397.5	2.357550E-01
398.0	3.197200E-01
398.5	3.781100E-01
399.0	4.020400E-01
399.5	4.149000E-01
400.0	6.299175E-01
401.0	8.769100E-01
402.0	9.138700E-01
403.0	8.821100E-01
404.0	8.984900E-01
405.0	8.784900E-01
406.0	8.587800E-01
407.0	8.454500E-01
408.0	8.848800E-01
409.0	9.471700E-01
410.0	8.091000E-01
411.0	9.077000E-01
412.0	9.668600E-01
413.0	9.295100E-01
414.0	9.213400E-01
415.0	9.556900E-01
416.0	9.862800E-01
417.0	9.639200E-01
418.0	9.239200E-01
419.0	9.635400E-01
420.0	8.846700E-01
421.0	1.006700E+00
422.0	9.949900E-01
423.0	9.653100E-01
424.0	9.618200E-01
425.0	9.931200E-01
426.0	9.666700E-01
427.0	9.355000E-01
428.0	9.462500E-01
429.0	8.776600E-01
430.0	7.013400E-01
431.0	6.377900E-01
432.0	1.062800E+00
433.0	9.905000E-01
434.0	9.165300E-01
435.0	1.007000E+00
436.0	1.106100E+00
437.0	1.130600E+00
438.0	9.936800E-01
439.0	9.575300E-01
440.0	1.099300E+00
441.0	1.085900E+00
442.0	1.164000E+00
443.0	1.182300E+00
444.0	1.153700E+00
445.0	1.199200E+00
446.0	1.076600E+00
447.0	1.225700E+00
448.0	1.242200E+00
449.0	1.240900E+00
450.0	1.288100E+00
451.0	1.337600E+00
452.0	1.282200E+00
453.0	1.185400E+00
454.0	1.273000E+00
455.0	1.265500E+00
456.0	1.308800E+00
457.0	1.321300E+00
458.0	1.294600E+00
459.0	1.285900E+00
460.0	1.279100E+00
461.0	1.325500E+00
462.0	1.339200E+00
463.0	1.345200E+00
464.0	1.305500E+00
465.0	1.290500E+00
466.0	1.319000E+00
467.0	1.261600E+00
468.0	1.317800E+00
469.0	1.324700E+00
470.0	1.274900E+00
471.0	1.297500E+00
472.0	1.366100E+00
473.0	1.314400E+00
474.0	1.330400E+00
475.0	1.375500E+00
476.0	1.329900E+00
477.0	1.339200E+00
478.0	1.383900E+00
479.0	1.358600E+00
480.0	1.382500E+00
481.0	1.383600E+00
482.0	1.389900E+00
483.0	1.374200E+00
484.0	1.349200E+00
485.0	1.345700E+00
486.0	1.091800E+00
487.0	1.223500E+00
488.0	1.325200E+00
489.0	1.249200E+00
490.0	1.396800E+00
491.0	1.343500E+00
492.0	1.281800E+00
493.0	1.371900E+00
494.0	1.340200E+00
495.0	1.423800E+00
496.0	1.354800E+00
497.0	1.378800E+00
498.0	1.342100E+00
499.0	1.342900E+00
500.0	1.339100E+00
501.0	1.299000E+00
502.0	1.299100E+00
503.0	1.359700E+00
504.0	1.268200E+00
505.0	1.359800E+00
506.0	1.415300E+00
507.0	1.354800E+00
508.0	1.321000E+00
509.0	1.385000E+00
510.0	1.349700E+00
511.0	1.375300E+00
512.0	1.412500E+00
513.0	1.327700E+00
514.0	1.300300E+00
515.0	1.338500E+00
516.0	1.351400E+00
517.0	1.101700E+00
518.0	1.260500E+00
519.0	1.222200E+00
520.0	1.334900E+00
521.0	1.345200E+00
522.0	1.376000E+00
523.0	1.297600E+00
524.0	1.396200E+00
525.0	1.385900E+00
526.0	1.347900E+00
527.0	1.179500E+00
528.0	1.350800E+00
529.0	1.414200E+00
530.0	1.359800E+00
531.0	1.434800E+00
532.0	1.409400E+00
533.0	1.259000E+00
534.0	1.349100E+00
535.0	1.370100E+00
536.0	1.429200E+00
537.0	1.322900E+00
538.0	1.389600E+00
539.0	1.355800E+00
540.0	1.309600E+00
541.0	1.259500E+00
542.0	1.371400E+00
543.0	1.349300E+00
544.0	1.397100E+00
545.0	1.365700E+00
546.0	1.353600E+00
547.0	1.371700E+00
548.0	1.333100E+00
549.0	1.375200E+00
550.0	1.364800E+00
551.0	1.363900E+00
552.0	1.392300E+00
553.0	1.353300E+00
554.0	1.380200E+00
555.0	1.388300E+00
556.0	1.365100E+00
557.0	1.332100E+00
558.0	1.361300E+00
559.0	1.288500E+00
560.0	1.311800E+00
561.0	1.388500E+00
562.0	1.322500E+00
563.0	1.373100E+00
564.0	1.346600E+00
565.0	1.355500E+00
566.0	1.282300E+00
567.0	1.367300E+00
568.0	1.355400E+00
569.0	1.322800E+00
570.0	1.324000E+00
571.0	1.281000E+00
572.0	1.353400E+00
573.0	1.359500E+00
574.0	1.352700E+00
575.0	1.322500E+00
576.0	1.311800E+00
577.0	1.345200E+00
578.0	1.304000E+00
579.0	1.323000E+00
580.0	1.345500E+00
581.0	1.351800E+00
582.0	1.372900E+00
583.0	1.387200E+00
584.0	1.384500E+00
585.0	1.373700E+00
586.0	1.340900E+00
587.0	1.370800E+00
588.0	1.340300E+00
589.0	1.158200E+00
590.0	1.231600E+00
591.0	1.317100E+00
592.0	1.290000E+00
593.0	1.308600E+00
594.0	1.302900E+00
595.0	1.287000E+00
596.0	1.326000E+00
597.0	1.330300E+00
598.0	1.314200E+00
599.0	1.314500E+00
600.0	1.327800E+00
601.0	1.312300E+00
602.0	1.292800E+00
603.0	1.320500E+00
604.0	1.343900E+00
605.0	1.341800E+00
606.0	1.335300E+00
607.0	1.343400E+00
608.0	1.339200E+00
609.0	1.329200E+00
610.0	1.323700E+00
611.0	1.317000E+00
612.0	1.337000E+00
613.0	1.318200E+00
614.0	1.278300E+00
615.0	1.325400E+00
616.0	1.290600E+00
617.0	1.274400E+00
618.0	1.322800E+00
619.0	1.329200E+00
620.0	1.329900E+00
621.0	1.335900E+00
622.0	1.288200E+00
623.0	1.279300E+00
624.0	1.275100E+00
625.0	1.266700E+00
626.0	1.265500E+00
627.0	1.302200E+00
628.0	1.232800E+00
629.0	1.275800E+00
630.0	1.258900E+00
631.0	1.279900E+00
632.0	1.232700E+00
633.0	1.311000E+00
634.0	1.290700E+00
635.0	1.306500E+00
636.0	1.276800E+00
637.0	1.320400E+00
638.0	1.329200E+00
639.0	1.323800E+00
640.0	1.296200E+00
641.0	1.297000E+00
642.0	1.299500E+00
643.0	1.313000E+00
644.0	1.307400E+00
645.0	1.317000E+00
646.0	1.279700E+00
647.0	1.274400E+00
648.0	1.262500E+00
649.0	1.223400E+00
650.0	1.229900E+00
651.0	1.307100E+00
652.0	1.255800E+00
653.0	1.295000E+00
654.0	1.280700E+00
655.0	1.222000E+00
656.0	1.072700E+00
657.0	1.121800E+00
658.0	1.254000E+00
659.0	1.258600E+00
660.0	1.266800E+00
661.0	1.261800E+00
662.0	1.251800E+00
663.0	1.253900E+00
664.0	1.264700E+00
665.0	1.287100E+00
666.0	1.286000E+00
667.0	1.276700E+00
668.0	1.281000E+00
669.0	1.303200E+00
670.0	1.285300E+00
671.0	1.282900E+00
672.0	1.265100E+00
673.0	1.276000E+00
674.0	1.274200E+00
675.0	1.263900E+00
676.0	1.278600E+00
677.0	1.266900E+00
678.0	1.273700E+00
679.0	1.262900E+00
680.0	1.265000E+00
681.0	1.260100E+00
682.0	1.266200E+00
683.0	1.252600E+00
684.0	1.244500E+00
685.0	1.245400E+00
686.0	1.217400E+00
687.0	8.828500E-01
688.0	1.019500E+00
689.0	1.026000E+00
690.0	1.074600E+00
691.0	1.120100E+00
692.0	1.151600E+00
693.0	1.144600E+00
694.0	1.131800E+00
695.0	1.153800E+00
696.0	1.151300E+00
697.0	1.215100E+00
698.0	1.196100E+00
699.0	1.172100E+00
700.0	1.163600E+00
701.0	1.148900E+00
702.0	1.150000E+00
703.0	1.156700E+00
704.0	1.186400E+00
705.0	1.198900E+00
706.0	1.192500E+00
707.0	1.187500E+00
708.0	1.183900E+00
709.0	1.188000E+00
710.0	1.195400E+00
711.0	1.193400E+00
712.0	1.185600E+00
713.0	1.171900E+00
714.0	1.182300E+00
715.0	1.142800E+00
716.0	1.154800E+00
717.0	1.008100E+00
718.0	9.387300E-01
719.0	8.427400E-01
720.0	8.994000E-01
721.0	9.896700E-01
722.0	1.128100E+00
723.0	1.042300E+00
724.0	9.630500E-01
725.0	9.474100E-01
726.0	9.863800E-01
727.0	9.898800E-01
728.0	9.496800E-01
729.0	9.550300E-01
730.0	1.029400E+00
731.0	9.770200E-01
732.0	1.052000E+00
733.0	1.090100E+00
734.0	1.126100E+00
735.0	1.110100E+00
736.0	1.099400E+00
737.0	1.097800E+00
738.0	1.118400E+00
739.0	1.085500E+00
740.0	1.111900E+00
741.0	1.107800E+00
742.0	1.108400E+00
743.0	1.131600E+00
744.0	1.140800E+00
745.0	1.140400E+00
746.0	1.138100E+00
747.0	1.138900E+00
748.0	1.132300E+00
749.0	1.128600E+00
750.0	1.127300E+00
751.0	1.122400E+00
752.0	1.126500E+00
753.0	1.121000E+00
754.0	1.135300E+00
755.0	1.132100E+00
756.0	1.118500E+00
757.0	1.117600E+00
758.0	1.124600E+00
759.0	1.093200E+00
760.0	2.471600E-01
761.0	1.432800E-01
762.0	6.349100E-01
763.0	3.521700E-01
764.0	4.988500E-01
765.0	6.337700E-01
766.0	7.508000E-01
767.0	8.957400E-01
768.0	1.022200E+00
769.0	1.034700E+00
770.0	1.064600E+00
771.0	1.071600E+00
772.0	1.080200E+00
773.0	1.079700E+00
774.0	1.080000E+00
775.0	1.080100E+00
776.0	1.082700E+00
777.0	1.076400E+00
778.0	1.075400E+00
779.0	1.080300E+00
780.0	1.068700E+00
781.0	1.066200E+00
782.0	1.071400E+00
783.0	1.067200E+00
784.0	1.060200E+00
785.0	1.064900E+00
786.0	1.065600E+00
787.0	1.053000E+00
788.0	1.039900E+00
789.0	1.035900E+00
790.0	1.004500E+00
791.0	1.017900E+00
792.0	1.008400E+00
793.0	1.001500E+00
794.0	1.010100E+00
795.0	1.006600E+00
796.0	9.898500E-01
797.0	1.005700E+00
798.0	1.024500E+00
799.0	1.004800E+00
800.0	9.885900E-01
801.0	9.997800E-01
802.0	1.001100E+00
803.0	9.828800E-01
804.0	9.945200E-01
805.0	9.727000E-01
806.0	1.012200E+00
807.0	1.001800E+00
808.0	9.984400E-01
809.0	9.735300E-01
810.0	9.748800E-01
811.0	9.727300E-01
812.0	9.488200E-01
813.0	9.323600E-01
814.0	8.368100E-01
815.0	8.292700E-01
816.0	7.717100E-01
817.0	7.898400E-01
818.0	7.629900E-01
819.0	8.384400E-01
820.0	7.989900E-01
821.0	9.229200E-01
822.0	8.808100E-01
823.0	6.257600E-01
824.0	8.661900E-01
825.0	8.975200E-01
826.0	8.653000E-01
827.0	9.117800E-01
828.0	7.887000E-01
829.0	8.613500E-01
830.0	8.493000E-01
831.0	8.566600E-01
832.0	8.296100E-01
833.0	8.862200E-01
834.0	8.660800E-01
835.0	9.291700E-01
836.0	9.013500E-01
837.0	9.349300E-01
838.0	9.258500E-01
839.0	9.278300E-01
840.0	9.412400E-01
841.0	9.362600E-01
842.0	9.241100E-01
843.0	9.317100E-01
844.0	9.143400E-01
845.0	9.422600E-01
846.0	9.444700E-01
847.0	9.194700E-01
848.0	9.201000E-01
849.0	9.144700E-01
850.0	8.290000E-01
851.0	9.045400E-01
852.0	8.994200E-01
853.0	8.954000E-01
854.0	7.900000E-01
855.0	8.474600E-01
856.0	9.034300E-01
857.0	9.205900E-01
858.0	9.209400E-01
859.0	9.208100E-01
860.0	9.176400E-01
861.0	9.164800E-01
862.0	9.236700E-01
863.0	9.293400E-01
864.0	9.095600E-01
865.0	8.948700E-01
866.0	7.888200E-01
867.0	8.506600E-01
868.0	8.914000E-01
869.0	8.825200E-01
870.0	8.993300E-01
871.0	8.867100E-01
872.0	8.988700E-01
873.0	8.899900E-01
874.0	8.745100E-01
875.0	8.620400E-01
876.0	8.862500E-01
877.0	8.894800E-01
878.0	8.860700E-01
879.0	8.714400E-01
880.0	8.743400E-01
881.0	8.456300E-01
882.0	8.678700E-01
883.0	8.649400E-01
884.0	8.685900E-01
885.0	8.791300E-01
886.0	8.451500E-01
887.0	8.479900E-01
888.0	8.589900E-01
889.0	8.704100E-01
890.0	8.607800E-01
891.0	8.625500E-01
892.0	8.468800E-01
893.0	8.141200E-01
894.0	7.941300E-01
895.0	7.595600E-01
896.0	7.126500E-01
897.0	6.231000E-01
898.0	6.713700E-01
899.0	5.146100E-01
900.0	6.942900E-01
901.0	5.616200E-01
902.0	6.250000E-01
903.0	6.448300E-01
904.0	7.886200E-01
905.0	7.633700E-01
906.0	7.250200E-01
907.0	5.983300E-01
908.0	6.109100E-01
909.0	6.591200E-01
910.0	5.855300E-01
911.0	6.258000E-01
912.0	6.450800E-01
913.0	5.890600E-01
914.0	5.874000E-01
915.0	6.355000E-01
916.0	5.409900E-01
917.0	6.835000E-01
918.0	5.561200E-01
919.0	6.916100E-01
920.0	6.965700E-01
921.0	7.300400E-01
922.0	6.558400E-01
923.0	6.969800E-01
924.0	6.757100E-01
925.0	6.662100E-01
926.0	6.587500E-01
927.0	7.368400E-01
928.0	5.536300E-01
929.0	5.179200E-01
930.0	4.067900E-01
931.0	3.854000E-01
932.0	2.838600E-01
933.0	2.345900E-01
934.0	1.360400E-01
935.0	2.369000E-01
936.0	1.526700E-01
937.0	1.545300E-01
938.0	1.896200E-01
939.0	3.759100E-01
940.0	4.441100E-01
941.0	3.507100E-01
942.0	3.819200E-01
943.0	2.628900E-01
944.0	2.698700E-01
945.0	3.472900E-01
946.0	1.840900E-01
947.0	3.501000E-01
948.0	2.591100E-01
949.0	4.651400E-01
950.0	1.394400E-01
951.0	4.556300E-01
952.0	2.541800E-01
953.0	3.244200E-01
954.0	3.998800E-01
955.0	3.220400E-01
956.0	3.099600E-01
957.0	2.559100E-01
958.0	4.345300E-01
959.0	3.529400E-01
960.0	3.968500E-01
961.0	4.348100E-01
962.0	4.166400E-01
963.0	4.758500E-01
964.0	4.324200E-01
965.0	4.746900E-01
966.0	4.737700E-01
967.0	4.735300E-01
968.0	6.130100E-01
969.0	6.448000E-01
970.0	5.968900E-01
971.0	6.705900E-01
972.0	6.462900E-01
973.0	5.708100E-01
974.0	5.417000E-01
975.0	5.553600E-01
976.0	5.387200E-01
977.0	6.008400E-01
978.0	5.790300E-01
979.0	6.004600E-01
980.0	5.694100E-01
981.0	6.705800E-01
982.0	6.510200E-01
983.0	6.291500E-01
984.0	6.929000E-01
985.0	6.473400E-01
986.0	7.055300E-01
987.0	6.948900E-01
988.0	6.905900E-01
989.0	7.039100E-01
990.0	6.884300E-01
991.0	7.083300E-01
992.0	7.059700E-01
993.0	6.932500E-01
994.0	7.089100E-01
995.0	7.067300E-01
996.0	7.040900E-01
997.0	6.955500E-01
998.0	6.948100E-01
999.0	6.945500E-01
1000.0	6.915900E-01
1001.0	7.001300E-01
1002.0	6.849800E-01
1003.0	6.908600E-01
1004.0	6.805600E-01
1005.0	6.414000E-01
1006.0	6.704700E-01
1007.0	6.846300E-01
1008.0	6.840700E-01
1009.0	6.774200E-01
1010.0	6.769500E-01
1011.0	6.803400E-01
1012.0	6.766700E-01
1013.0	6.755600E-01
1014.0	6.784800E-01
1015.0	6.667600E-01
1016.0	6.697600E-01
1017.0	6.623700E-01
1018.0	6.726300E-01
1019.0	6.488000E-01
1020.0	6.583900E-01
1021.0	6.610700E-01
1022.0	6.498000E-01
1023.0	6.549000E-01
1024.0	6.507700E-01
1025.0	6.572700E-01
1026.0	6.562500E-01
1027.0	6.531800E-01
1028.0	6.539800E-01
1029.0	6.468700E-01
1030.0	6.509200E-01
1031.0	6.479900E-01
1032.0	6.485200E-01
1033.0	6.375100E-01
1034.0	6.413600E-01
1035.0	6.434800E-01
1036.0	6.432300E-01
1037.0	6.366400E-01
1038.0	6.336100E-01
1039.0	6.380200E-01
1040.0	6.336600E-01
1041.0	6.337900E-01
1042.0	6.340600E-01
1043.0	6.277300E-01
1044.0	6.306700E-01
1045.0	6.271200E-01
1046.0	6.107800E-01
1047.0	6.200800E-01
1048.0	6.255900E-01
1049.0	6.220600E-01
1050.0	6.180200E-01
1051.0	6.186200E-01
1052.0	6.148700E-01
1053.0	6.130200E-01
1054.0	6.104800E-01
1055.0	6.124200E-01
1056.0	6.105500E-01
1057.0	6.091000E-01
1058.0	6.028600E-01
1059.0	5.845300E-01
1060.0	6.007300E-01
1061.0	5.869400E-01
1062.0	5.978200E-01
1063.0	5.881500E-01
1064.0	5.972200E-01
1065.0	5.946100E-01
1066.0	5.833000E-01
1067.0	5.863700E-01
1068.0	5.856100E-01
1069.0	5.542800E-01
1070.0	5.717800E-01
1071.0	5.830400E-01
1072.0	5.819400E-01
1073.0	5.708600E-01
1074.0	5.878000E-01
1075.0	5.605400E-01
1076.0	5.814100E-01
1077.0	5.717500E-01
1078.0	5.707600E-01
1079.0	5.721000E-01
1080.0	5.651900E-01
1081.0	5.497300E-01
1082.0	5.577300E-01
1083.0	5.660300E-01
1084.0	5.477500E-01
1085.0	5.616300E-01
1086.0	5.249600E-01
1087.0	5.368500E-01
1088.0	5.615900E-01
1089.0	5.485600E-01
1090.0	5.265600E-01
1091.0	5.572200E-01
1092.0	5.504800E-01
1093.0	4.841700E-01
1094.0	5.112000E-01
1095.0	4.936300E-01
1096.0	4.773100E-01
1097.0	5.480500E-01
1098.0	4.770900E-01
1099.0	4.816100E-01
1100.0	4.611300E-01
1101.0	4.716900E-01
1102.0	4.451300E-01
1103.0	4.429100E-01
1104.0	4.441200E-01
1105.0	4.806500E-01
1106.0	3.784000E-01
1107.0	4.586600E-01
1108.0	3.951700E-01
1109.0	3.924900E-01
1110.0	4.549600E-01
1111.0	3.157200E-01
1112.0	3.933000E-01
1113.0	2.559900E-01
1114.0	2.857600E-01
1115.0	2.383300E-01
1116.0	1.922300E-01
1117.0	7.616400E-02
1118.0	2.076300E-01
1119.0	1.082100E-01
1120.0	1.356200E-01
1121.0	1.775300E-01
1122.0	7.815900E-02
1123.0	1.225500E-01
1124.0	1.039700E-01
1125.0	1.379400E-01
1126.0	4.939400E-02
1127.0	1.503200E-01
1128.0	9.494600E-02
1129.0	1.013300E-01
1130.0	6.756800E-02
1131.0	2.820100E-01
1132.0	2.235900E-01
1133.0	1.466100E-01
1134.0	3.998800E-02
1135.0	1.481900E-02
1136.0	1.232000E-01
1137.0	2.747200E-01
1138.0	1.942800E-01
1139.0	2.848400E-01
1140.0	2.444700E-01
1141.0	1.848600E-01
1142.0	2.148100E-01
1143.0	2.975800E-01
1144.0	1.084300E-01
1145.0	1.397600E-01
1146.0	1.508500E-01
1147.0	5.671500E-02
1148.0	2.589800E-01
1149.0	2.089400E-01
1150.0	1.164800E-01
1151.0	1.945300E-01
1152.0	2.366600E-01
1153.0	2.276200E-01
1154.0	1.364300E-01
1155.0	2.990300E-01
1156.0	2.683700E-01
1157.0	3.004000E-01
1158.0	2.977000E-01
1159.0	3.216300E-01
1160.0	2.737100E-01
1161.0	3.316700E-01
1162.0	3.341200E-01
1163.0	4.464400E-01
1164.0	3.833200E-01
1165.0	3.708000E-01
1166.0	3.578100E-01
1167.0	3.910500E-01
1168.0	4.001800E-01
1169.0	4.034800E-01
1170.0	4.373100E-01
1171.0	4.275000E-01
1172.0	4.337000E-01
1173.0	4.352200E-01
1174.0	3.219300E-01
1175.0	4.314200E-01
1176.0	4.544700E-01
1177.0	4.504000E-01
1178.0	3.439100E-01
1179.0	4.611400E-01
1180.0	4.205200E-01
1181.0	4.342300E-01
1182.0	3.090300E-01
1183.0	4.185300E-01
1184.0	4.008300E-01
1185.0	3.890800E-01
1186.0	4.551800E-01
1187.0	4.349400E-01
1188.0	3.203900E-01
1189.0	3.968500E-01
1190.0	4.412400E-01
1191.0	4.263800E-01
1192.0	4.517100E-01
1193.0	4.337000E-01
1194.0	4.475100E-01
1195.0	4.267100E-01
1196.0	4.118800E-01
1197.0	4.552700E-01
1198.0	4.142600E-01
1199.0	3.486900E-01
1200.0	4.278900E-01
1201.0	4.173500E-01
1202.0	4.174300E-01
1203.0	4.144100E-01
1204.0	3.464500E-01
1205.0	4.171400E-01
1206.0	4.587200E-01
1207.0	4.104400E-01
1208.0	4.137900E-01
1209.0	3.954800E-01
1210.0	4.326700E-01
1211.0	4.031900E-01
1212.0	4.057200E-01
1213.0	4.480400E-01
1214.0	4.144300E-01
1215.0	4.085100E-01
1216.0	4.450900E-01
1217.0	4.345700E-01
1218.0	4.384200E-01
1219.0	4.263900E-01
1220.0	4.372400E-01
1221.0	4.441300E-01
1222.0	4.309600E-01
1223.0	4.240000E-01
1224.0	4.278800E-01
1225.0	4.414100E-01
1226.0	4.469600E-01
1227.0	4.136000E-01
1228.0	4.454400E-01
1229.0	4.460800E-01
1230.0	4.392800E-01
1231.0	4.506700E-01
1232.0	4.452500E-01
1233.0	4.335900E-01
1234.0	4.489300E-01
1235.0	4.440900E-01
1236.0	4.479500E-01
1237.0	4.425900E-01
1238.0	4.469400E-01
1239.0	4.419400E-01
1240.0	4.401100E-01
1241.0	4.413000E-01
1242.0	4.417900E-01
1243.0	4.371200E-01
1244.0	4.349900E-01
1245.0	4.362200E-01
1246.0	4.390200E-01
1247.0	4.371500E-01
1248.0	4.382800E-01
1249.0	4.393000E-01
1250.0	4.368400E-01
1251.0	4.326000E-01
1252.0	4.310600E-01
1253.0	4.280300E-01
1254.0	4.241600E-01
1255.0	4.308800E-01
1256.0	4.209600E-01
1257.0	4.163000E-01
1258.0	4.254900E-01
1259.0	4.086800E-01
1260.0	4.123500E-01
1261.0	3.937100E-01
1262.0	3.786700E-01
1263.0	3.830000E-01
1264.0	3.556800E-01
1265.0	3.787100E-01
1266.0	3.688100E-01
1267.0	3.715900E-01
1268.0	3.547500E-01
1269.0	2.365600E-01
1270.0	3.708700E-01
1271.0	3.906200E-01
1272.0	3.911400E-01
1273.0	3.887400E-01
1274.0	3.886400E-01
1275.0	3.945500E-01
1276.0	3.989500E-01
1277.0	4.019100E-01
1278.0	4.091600E-01
1279.0	4.062600E-01
1280.0	4.038700E-01
1281.0	3.955400E-01
1282.0	3.569500E-01
1283.0	3.897800E-01
1284.0	4.026800E-01
1285.0	4.057700E-01
1286.0	4.087800E-01
1287.0	4.040500E-01
1288.0	4.019200E-01
1289.0	3.919400E-01
1290.0	3.952200E-01
1291.0	4.000400E-01
1292.0	3.794600E-01
1293.0	3.950600E-01
1294.0	3.870900E-01
1295.0	3.880100E-01
1296.0	3.732200E-01
1297.0	3.558300E-01
1298.0	3.753600E-01
1299.0	3.912700E-01
1300.0	3.385500E-01
1301.0	3.472800E-01
1302.0	3.753900E-01
1303.0	3.319700E-01
1304.0	2.884900E-01
1305.0	3.678300E-01
1306.0	3.685300E-01
1307.0	2.936200E-01
1308.0	3.327700E-01
1309.0	3.682200E-01
1310.0	2.890800E-01
1311.0	3.201200E-01
1312.0	3.198600E-01
1313.0	3.008900E-01
1314.0	2.769000E-01
1315.0	2.744700E-01
1316.0	3.111300E-01
1317.0	2.996900E-01
1318.0	3.198400E-01
1319.0	2.580300E-01
1320.0	2.486400E-01
1321.0	2.868400E-01
1322.0	2.902300E-01
1323.0	2.238600E-01
1324.0	2.523100E-01
1325.0	3.094300E-01
1326.0	2.695600E-01
1327.0	2.559300E-01
1328.0	2.255500E-01
1329.0	1.709700E-01
1330.0	2.205200E-01
1331.0	1.395100E-01
1332.0	1.404600E-01
1333.0	1.954500E-01
1334.0	1.630200E-01
1335.0	2.224400E-01
1336.0	1.767000E-01
1337.0	1.585200E-01
1338.0	1.715100E-01
1339.0	1.703300E-01
1340.0	1.621600E-01
1341.0	1.641900E-01
1342.0	1.714900E-01
1343.0	1.225900E-01
1344.0	7.301800E-02
1345.0	1.052100E-01
1346.0	5.618900E-02
1347.0	5.805800E-02
1348.0	4.586200E-03
1349.0	1.561700E-02
1350.0	1.548800E-02
1351.0	4.475900E-03
1352.0	1.466100E-03
1353.0	9.291800E-05
1354.0	2.805100E-04
1355.0	3.484700E-06
1356.0	4.648900E-05
1357.0	6.942900E-05
1358.0	4.057500E-06
1359.0	7.104000E-07
1360.0	2.070600E-06
1361.0	4.656600E-09
1362.0	1.748900E-11
1363.0	3.054000E-06
1364.0	1.315000E-06
1365.0	8.783300E-12
1366.0	1.237900E-05
1367.0	4.816100E-06
1368.0	1.431100E-13
1369.0	5.000800E-07
1370.0	2.826600E-07
1371.0	1.910100E-08
1372.0	2.662300E-06
1373.0	4.299100E-05
1374.0	1.735000E-04
1375.0	3.130900E-04
1376.0	2.493500E-04
1377.0	1.188300E-04
1378.0	1.074100E-03
1379.0	5.053300E-05
1380.0	7.904200E-05
1381.0	2.297800E-06
1382.0	2.487400E-06
1383.0	4.265300E-08
1384.0	5.978200E-07
1385.0	2.025500E-06
1386.0	2.444100E-06
1387.0	1.928800E-04
1388.0	3.903700E-06
1389.0	5.633800E-04
1390.0	4.783600E-04
1391.0	3.334500E-04
1392.0	2.306500E-05
1393.0	1.123800E-04
1394.0	7.326800E-05
1395.0	6.513700E-07
1396.0	6.133800E-09
1397.0	4.760500E-05
1398.0	1.232900E-03
1399.0	7.883500E-04
1400.0	3.151300E-09
1401.0	1.021900E-08
1402.0	1.781700E-03
1403.0	2.310800E-03
1404.0	7.175500E-04
1405.0	3.539500E-07
1406.0	1.986100E-03
1407.0	1.695700E-04
1408.0	1.602300E-03
1409.0	6.015900E-04
1410.0	4.533200E-04
1411.0	2.054400E-03
1412.0	2.565000E-03
1413.0	2.269000E-02
1414.0	3.535900E-04
1415.0	1.785400E-04
1416.0	3.456100E-02
1417.0	1.143100E-02
1418.0	1.318200E-02
1419.0	2.085100E-03
1420.0	8.043700E-03
1421.0	8.911700E-03
1422.0	4.502300E-02
1423.0	8.967600E-03
1424.0	1.651100E-02
1425.0	2.514200E-02
1426.0	2.703200E-02
1427.0	4.818000E-02
1428.0	4.436000E-03
1429.0	3.698500E-02
1430.0	5.991200E-02
1431.0	4.879200E-02
1432.0	2.452400E-03
1433.0	3.487000E-02
1434.0	2.040300E-02
1435.0	2.084700E-02
1436.0	3.732600E-02
1437.0	2.908500E-02
1438.0	1.291300E-02
1439.0	4.967200E-02
1440.0	3.854700E-02
1441.0	3.095900E-02
1442.0	3.535600E-02
1443.0	4.386800E-02
1444.0	6.014300E-02
1445.0	4.843400E-02
1446.0	2.249200E-02
1447.0	3.526500E-02
1448.0	1.125400E-01
1449.0	9.937400E-02
1450.0	2.669900E-02
1451.0	1.098000E-02
1452.0	6.071800E-02
1453.0	7.980300E-02
1454.0	1.338400E-01
1455.0	6.440900E-02
1456.0	8.615800E-02
1457.0	1.138600E-01
1458.0	1.327300E-01
1459.0	1.586000E-01
1460.0	8.316100E-02
1461.0	8.788600E-02
1462.0	1.270800E-01
1463.0	4.210600E-02
1464.0	1.477000E-01
1465.0	9.091100E-02
1466.0	6.349800E-02
1467.0	3.512800E-02
1468.0	7.492800E-02
1469.0	9.234400E-02
1470.0	4.839700E-02
1471.0	1.739400E-02
1472.0	4.556600E-02
1473.0	6.836800E-02
1474.0	9.476500E-02
1475.0	1.795400E-01
1476.0	6.698700E-02
1477.0	6.791600E-02
1478.0	6.182500E-02
1479.0	1.168000E-01
1480.0	5.906300E-02
1481.0	1.122100E-01
1482.0	5.696700E-02
1483.0	1.445400E-01
1484.0	1.337500E-01
1485.0	1.216800E-01
1486.0	1.200800E-01
1487.0	5.904200E-02
1488.0	9.165400E-02
1489.0	1.844300E-01
1490.0	1.699300E-01
1491.0	1.922200E-01
1492.0	1.598600E-01
1493.0	1.765100E-01
1494.0	1.979400E-01
1495.0	1.774500E-01
1496.0	1.638500E-01
1497.0	2.219800E-01
1498.0	1.843700E-01
1499.0	2.114100E-01
1500.0	2.433900E-01
1501.0	2.578200E-01
1502.0	2.268800E-01
1503.0	1.797200E-01
1504.0	1.558600E-01
1505.0	1.788500E-01
1506.0	2.502600E-01
1507.0	2.477900E-01
1508.0	2.360600E-01
1509.0	1.816900E-01
1510.0	2.626900E-01
1511.0	2.571000E-01
1512.0	2.531500E-01
1513.0	2.354400E-01
1514.0	2.193000E-01
1515.0	2.580400E-01
1516.0	2.494300E-01
1517.0	2.421400E-01
1518.0	2.448900E-01
1519.0	2.373900E-01
1520.0	2.568800E-01
1521.0	2.670700E-01
1522.0	2.561700E-01
1523.0	2.719200E-01
1524.0	2.674300E-01
1525.0	2.514000E-01
1526.0	2.597700E-01
1527.0	2.546800E-01
1528.0	2.712200E-01
1529.0	2.646000E-01
1530.0	2.478900E-01
1531.0	2.620000E-01
1532.0	2.703900E-01
1533.0	2.691800E-01
1534.0	2.612200E-01
1535.0	2.592400E-01
1536.0	2.667900E-01
1537.0	2.655800E-01
1538.0	2.642700E-01
1539.0	2.651900E-01
1540.0	2.573700E-01
1541.0	2.614100E-01
1542.0	2.616500E-01
1543.0	2.643900E-01
1544.0	2.644300E-01
1545.0	2.692200E-01
1546.0	2.670500E-01
1547.0	2.653700E-01
1548.0	2.592000E-01
1549.0	2.656800E-01
1550.0	2.622600E-01
1551.0	2.629300E-01
1552.0	2.641500E-01
1553.0	2.636600E-01
1554.0	2.572700E-01
1555.0	2.600500E-01
1556.0	2.556900E-01
1557.0	2.630100E-01
1558.0	2.609300E-01
1559.0	2.605400E-01
1560.0	2.582100E-01
1561.0	2.624200E-01
1562.0	2.600300E-01
1563.0	2.591700E-01
1564.0	2.552500E-01
1565.0	2.597500E-01
1566.0	2.550600E-01
1567.0	2.556600E-01
1568.0	2.499700E-01
1569.0	2.473600E-01
1570.0	2.349700E-01
1571.0	2.285000E-01
1572.0	2.310800E-01
1573.0	2.275000E-01
1574.0	2.346400E-01
1575.0	2.329400E-01
1576.0	2.398000E-01
1577.0	2.099400E-01
1578.0	2.285400E-01
1579.0	2.300500E-01
1580.0	2.377200E-01
1581.0	2.416500E-01
1582.0	2.350800E-01
1583.0	2.405100E-01
1584.0	2.419400E-01
1585.0	2.513500E-01
1586.0	2.483800E-01
1587.0	2.457900E-01
1588.0	2.438800E-01
1589.0	2.256700E-01
1590.0	2.348600E-01
1591.0	2.350300E-01
1592.0	2.450200E-01
1593.0	2.509200E-01
1594.0	2.489000E-01
1595.0	2.508300E-01
1596.0	2.375100E-01
1597.0	2.398500E-01
1598.0	2.469300E-01
1599.0	2.351100E-01
1600.0	2.313300E-01
1601.0	2.169100E-01
1602.0	2.178000E-01
1603.0	2.176500E-01
1604.0	2.219700E-01
1605.0	2.301000E-01
1606.0	2.345300E-01
1607.0	2.263700E-01
1608.0	2.234300E-01
1609.0	2.208800E-01
1610.0	2.114600E-01
1611.0	2.203900E-01
1612.0	2.242200E-01
1613.0	2.304700E-01
1614.0	2.316200E-01
1615.0	2.342000E-01
1616.0	2.239500E-01
1617.0	2.279800E-01
1618.0	2.366000E-01
1619.0	2.341500E-01
1620.0	2.278300E-01
1621.0	2.276500E-01
1622.0	2.308100E-01
1623.0	2.355900E-01
1624.0	2.358200E-01
1625.0	2.310900E-01
1626.0	2.329400E-01
1627.0	2.339800E-01
1628.0	2.344600E-01
1629.0	2.345600E-01
1630.0	2.298400E-01
1631.0	2.313600E-01
1632.0	2.315100E-01
1633.0	2.261400E-01
1634.0	2.262800E-01
1635.0	2.271200E-01
1636.0	2.287900E-01
1637.0	2.206400E-01
1638.0	2.139300E-01
1639.0	2.141000E-01
1640.0	2.091300E-01
1641.0	2.134800E-01
1642.0	2.146700E-01
1643.0	2.093900E-01
1644.0	2.173300E-01
1645.0	2.121600E-01
1646.0	2.114700E-01
1647.0	2.213500E-01
1648.0	2.105700E-01
1649.0	2.126100E-01
1650.0	2.190200E-01
1651.0	2.028100E-01
1652.0	2.175400E-01
1653.0	2.166100E-01
1654.0	2.099100E-01
1655.0	2.161900E-01
1656.0	2.149400E-01
1657.0	2.161300E-01
1658.0	2.187000E-01
1659.0	2.151400E-01
1660.0	2.172100E-01
1661.0	2.177400E-01
1662.0	2.131300E-01
1663.0	2.163000E-01
1664.0	2.149800E-01
1665.0	2.060700E-01
1666.0	1.741100E-01
1667.0	2.050200E-01
1668.0	2.088100E-01
1669.0	2.093900E-01
1670.0	2.157300E-01
1671.0	2.129400E-01
1672.0	2.058200E-01
1673.0	2.105200E-01
1674.0	2.100200E-01
1675.0	2.079300E-01
1676.0	2.058400E-01
1677.0	2.066800E-01
1678.0	2.036500E-01
1679.0	2.074100E-01
1680.0	2.001700E-01
1681.0	1.893600E-01
1682.0	1.983000E-01
1683.0	2.035700E-01
1684.0	1.928300E-01
1685.0	2.076300E-01
1686.0	2.047600E-01
1687.0	1.995100E-01
1688.0	2.046500E-01
1689.0	2.017800E-01
1690.0	1.999100E-01
1691.0	1.880800E-01
1692.0	2.017400E-01
1693.0	2.058700E-01
1694.0	1.995000E-01
1695.0	2.042700E-01
1696.0	2.038300E-01
1697.0	1.764900E-01
1698.0	2.020700E-01
1699.0	2.002400E-01
1700.0	2.919600E-01
1702.0	4.968500E-01
1705.0	7.710000E-01
1710.0	9.158000E-01
1715.0	9.245000E-01
1720.0	9.115500E-01
1725.0	8.683500E-01
1730.0	8.489500E-01
1735.0	7.879000E-01
1740.0	8.202500E-01
1745.0	7.552500E-01
1750.0	8.081000E-01
1755.0	7.465500E-01
1760.0	7.804000E-01
1765.0	6.483500E-01
1770.0	6.915500E-01
1775.0	5.606500E-01
1780.0	4.907150E-01
1785.0	3.760050E-01
1790.0	4.341550E-01
1795.0	2.293200E-01
1800.0	1.555600E-01
1805.0	7.242500E-02
1810.0	4.738100E-02
1815.0	1.604650E-02
1820.0	4.828900E-03
1825.0	6.231500E-03
1830.0	2.544800E-05
1835.0	3.139200E-05
1840.0	3.066850E-07
1845.0	3.064900E-05
1850.0	1.467400E-05
1855.0	1.389750E-06
1860.0	5.460000E-05
1865.0	8.322000E-05
1870.0	1.307400E-09
1875.0	2.214800E-09
1880.0	3.806150E-04
1885.0	2.156450E-04
1890.0	1.097800E-03
1895.0	6.371500E-04
1900.0	4.245800E-06
1905.0	2.789900E-06
1910.0	1.136300E-04
1915.0	9.836500E-05
1920.0	2.222550E-03
1925.0	4.616300E-03
1930.0	2.723700E-03
1935.0	1.771400E-02
1940.0	1.617850E-02
1945.0	5.353500E-02
1950.0	8.241000E-02
1955.0	4.943000E-02
1960.0	1.078450E-01
1965.0	1.405700E-01
1970.0	2.402750E-01
1975.0	3.336500E-01
1980.0	3.711700E-01
1985.0	4.081250E-01
1990.0	4.206200E-01
1995.0	3.989350E-01
2000.0	1.874550E-01
2005.0	7.373500E-02
2010.0	1.953550E-01
2015.0	1.310400E-01
2020.0	2.211950E-01
2025.0	3.638950E-01
2030.0	4.173000E-01
2035.0	4.740400E-01
2040.0	4.417200E-01
2045.0	4.481800E-01
2050.0	3.344600E-01
2055.0	2.704500E-01
2060.0	3.407850E-01
2065.0	3.048100E-01
2070.0	3.235750E-01
2075.0	3.815250E-01
2080.0	4.276400E-01
2085.0	4.192350E-01
2090.0	4.388950E-01
2095.0	4.421050E-01
2100.0	4.243450E-01
2105.0	4.588550E-01
2110.0	4.416000E-01
2115.0	4.515400E-01
2120.0	4.314050E-01
2125.0	4.365150E-01
2130.0	4.421100E-01
2135.0	4.433950E-01
2140.0	4.469500E-01
2145.0	4.406600E-01
2150.0	4.168450E-01
2155.0	4.178300E-01
2160.0	4.145600E-01
2165.0	3.758750E-01
2170.0	4.038800E-01
2175.0	3.962850E-01
2180.0	4.029850E-01
2185.0	3.672900E-01
2190.0	3.895250E-01
2195.0	3.891650E-01
2200.0	3.508750E-01
2205.0	3.647350E-01
2210.0	3.908700E-01
2215.0	3.759450E-01
2220.0	3.831550E-01
2225.0	3.720000E-01
2230.0	3.736350E-01
2235.0	3.664500E-01
2240.0	3.607000E-01
2245.0	3.495550E-01
2250.0	3.551700E-01
2255.0	3.343250E-01
2260.0	3.307150E-01
2265.0	3.367750E-01
2270.0	3.206900E-01
2275.0	3.165450E-01
2280.0	3.277550E-01
2285.0	3.119450E-01
2290.0	3.126700E-01
2295.0	3.030150E-01
2300.0	2.909650E-01
2305.0	2.927200E-01
2310.0	3.159450E-01
2315.0	2.876400E-01
2320.0	2.574450E-01
2325.0	2.781300E-01
2330.0	2.811550E-01
2335.0	2.868100E-01
2340.0	2.268300E-01
2345.0	2.543450E-01
2350.0	2.055750E-01
2355.0	2.349400E-01
2360.0	2.486200E-01
2365.0	2.445450E-01
2370.0	1.525700E-01
2375.0	2.185200E-01
2380.0	2.106400E-01
2385.0	1.526250E-01
2390.0	1.837400E-01
2395.0	2.009950E-01
2400.0	2.186300E-01
2405.0	1.664300E-01
2410.0	1.675200E-01
2415.0	1.352900E-01
2420.0	1.317900E-01
2425.0	1.640100E-01
2430.0	2.236250E-01
2435.0	7.382500E-02
2440.0	2.146300E-01
2445.0	1.032850E-01
2450.0	6.761500E-02
2455.0	1.234750E-01
2460.0	1.657850E-01
2465.0	1.200450E-01
2470.0	8.317500E-02
2475.0	8.184000E-02
2480.0	3.999800E-02
2485.0	2.792000E-02
2490.0	1.747850E-02
2495.0	1.432350E-02
2500.0	3.516400E-02
2505.0	7.562000E-03
2510.0	1.103150E-02
2515.0	2.582200E-03
2520.0	1.843950E-03
2525.0	2.059700E-04
2530.0	3.163950E-06
2535.0	8.707500E-07
2540.0	1.876050E-06
2545.0	2.673450E-10
2550.0	1.403300E-12
2555.0	5.188500E-09
2560.0	1.542100E-10
2565.0	7.923000E-14
2570.0	7.575500E-18
2575.0	5.354000E-27
2580.0	1.896650E-21
2585.0	8.532000E-34
2590.0	2.718450E-30
2595.0	1.133300E-32
2600.0	2.227800E-27
2605.0	2.879600E-34
2610.0	2.948500E-33
2615.0	5.553000E-37
2620.0	2.802800E-28
2625.0	1.918900E-27
2630.0	1.401300E-44
2635.0	1.935950E-15
2640.0	5.828500E-16
2645.0	4.464600E-18
2650.0	7.093000E-19
2655.0	6.518000E-27
2660.0	1.294000E-24
2665.0	5.522500E-37
2670.0	0.000000E+00
2675.0	0.000000E+00
2680.0	0.000000E+00
2685.0	0.000000E+00
2690.0	5.089000E-29
2695.0	3.550700E-32
2700.0	0.000000E+00
2705.0	1.463650E-41
2710.0	5.619500E-35
2715.0	1.927450E-25
2720.0	2.802600E-44
2725.0	3.654700E-21
2730.0	3.046450E-18
2735.0	2.756050E-20
2740.0	1.171750E-26
2745.0	6.612000E-23
2750.0	8.379000E-28
2755.0	3.363100E-43
2760.0	0.000000E+00
2765.0	1.350050E-26
2770.0	4.226400E-23
2775.0	2.018000E-37
2780.0	2.426600E-33
2785.0	1.962750E-26
2790.0	6.147500E-16
2795.0	1.829550E-15
2800.0	8.332500E-12
2805.0	3.411400E-13
2810.0	2.034750E-09
2815.0	1.450900E-09
2820.0	1.039450E-10
2825.0	8.907000E-07
2830.0	1.973750E-05
2835.0	1.076650E-09
2840.0	9.924500E-07
2845.0	2.053700E-04
2850.0	5.854000E-06
2855.0	2.271250E-06
2860.0	1.283600E-04
2865.0	8.487000E-04
2870.0	3.196100E-05
2875.0	1.983150E-03
2880.0	1.251850E-03
2885.0	2.295300E-03
2890.0	9.430000E-04
2895.0	1.349100E-02
2900.0	4.109150E-03
2905.0	5.618500E-04
2910.0	1.378300E-02
2915.0	6.371000E-03
2920.0	1.465800E-02
2925.0	5.486500E-03
2930.0	2.980300E-02
2935.0	3.286250E-02
2940.0	8.239500E-03
2945.0	7.336500E-03
2950.0	2.646750E-02
2955.0	1.182750E-02
2960.0	2.327450E-02
2965.0	3.765650E-02
2970.0	1.783800E-03
2975.0	4.324950E-03
2980.0	6.774000E-03
2985.0	3.524750E-02
2990.0	5.203500E-02
2995.0	2.164300E-02
3000.0	3.972100E-02
3005.0	1.463050E-02
3010.0	3.466000E-02
3015.0	2.811600E-02
3020.0	3.207150E-03
3025.0	3.797400E-02
3030.0	3.074550E-02
3035.0	1.264500E-02
3040.0	1.024350E-02
3045.0	2.129950E-02
3050.0	5.223000E-03
3055.0	1.464750E-03
3060.0	3.188050E-02
3065.0	1.472900E-02
3070.0	8.849500E-03
3075.0	3.046400E-02
3080.0	1.832300E-02
3085.0	8.938000E-03
3090.0	1.204000E-02
3095.0	3.313300E-03
3100.0	2.225650E-02
3105.0	4.660150E-03
3110.0	4.276200E-03
3115.0	1.146600E-02
3120.0	4.964700E-02
3125.0	1.531250E-02
3130.0	2.912300E-02
3135.0	5.785500E-02
3140.0	1.680150E-02
3145.0	1.643450E-02
3150.0	3.372850E-02
3155.0	2.848250E-02
3160.0	4.664700E-02
3165.0	7.081500E-02
3170.0	6.322500E-02
3175.0	4.662600E-02
3180.0	5.365000E-02
3185.0	4.082200E-02
3190.0	2.140850E-02
3195.0	1.359850E-02
3200.0	2.214000E-03
3205.0	1.564000E-03
3210.0	6.884000E-04
3215.0	2.511850E-03
3220.0	8.122500E-03
3225.0	1.003300E-03
3230.0	1.720200E-03
3235.0	3.681250E-02
3240.0	1.890800E-02
3245.0	3.704800E-03
3250.0	1.315400E-02
3255.0	5.014500E-02
3260.0	6.180000E-03
3265.0	1.234300E-02
3270.0	6.146000E-03
3275.0	2.987900E-02
3280.0	1.444500E-02
3285.0	5.611500E-02
3290.0	4.415500E-02
3295.0	6.168500E-03
3300.0	8.972000E-03
3305.0	1.987300E-02
3310.0	1.978250E-02
3315.0	8.134500E-05
3320.0	3.024800E-04
3325.0	1.774300E-02
3330.0	2.350700E-02
3335.0	4.573500E-02
3340.0	1.745150E-02
3345.0	1.786100E-02
3350.0	4.049900E-02
3355.0	1.832100E-02
3360.0	2.644600E-02
3365.0	3.629550E-02
3370.0	1.988500E-02
3375.0	4.269400E-02
3380.0	2.581200E-02
3385.0	3.782500E-02
3390.0	4.977600E-02
3395.0	4.822300E-02
3400.0	6.319000E-02
3405.0	2.253050E-02
3410.0	3.577350E-02
3415.0	3.677150E-02
3420.0	6.652500E-02
3425.0	5.056000E-02
3430.0	4.390500E-02
3435.0	5.836500E-02
3440.0	4.059050E-02
3445.0	5.717000E-02
3450.0	5.633500E-02
3455.0	4.196900E-02
3460.0	6.328500E-02
3465.0	4.958150E-02
3470.0	6.193000E-02
3475.0	5.525500E-02
3480.0	5.667500E-02
3485.0	6.106000E-02
3490.0	5.260000E-02
3495.0	6.191500E-02
3500.0	6.016000E-02
3505.0	5.961500E-02
3510.0	6.038500E-02
3515.0	5.799000E-02
3520.0	6.113000E-02
3525.0	5.761500E-02
3530.0	5.608500E-02
3535.0	4.765250E-02
3540.0	4.550550E-02
3545.0	4.807700E-02
3550.0	5.308000E-02
3555.0	4.562250E-02
3560.0	5.436000E-02
3565.0	5.464000E-02
3570.0	4.197550E-02
3575.0	4.351400E-02
3580.0	5.127500E-02
3585.0	4.614100E-02
3590.0	4.757250E-02
3595.0	4.866450E-02
3600.0	5.164000E-02
3605.0	5.212500E-02
3610.0	4.769250E-02
3615.0	4.765900E-02
3620.0	5.843000E-02
3625.0	5.151000E-02
3630.0	5.008000E-02
3635.0	5.181000E-02
3640.0	5.774500E-02
3645.0	5.331500E-02
3650.0	5.091500E-02
3655.0	5.521000E-02
3660.0	5.489000E-02
3665.0	5.156500E-02
3670.0	3.973200E-02
3675.0	2.428450E-02
3680.0	4.189450E-02
3685.0	4.745300E-02
3690.0	4.872900E-02
3695.0	5.094000E-02
3700.0	5.468500E-02
3705.0	5.413500E-02
3710.0	4.706500E-02
3715.0	4.636550E-02
3720.0	5.214500E-02
3725.0	5.375500E-02
3730.0	4.658450E-02
3735.0	4.313000E-02
3740.0	4.446150E-02
3745.0	5.190000E-02
3750.0	4.667050E-02
3755.0	4.516800E-02
3760.0	4.452050E-02
3765.0	4.294550E-02
3770.0	4.582450E-02
3775.0	4.545900E-02
3780.0	4.807900E-02
3785.0	4.424900E-02
3790.0	3.894550E-02
3795.0	4.452800E-02
3800.0	4.949400E-02
3805.0	4.670700E-02
3810.0	4.138550E-02
3815.0	3.893350E-02
3820.0	4.845400E-02
3825.0	4.770100E-02
3830.0	4.813400E-02
3835.0	3.859500E-02
3840.0	4.503300E-02
3845.0	4.404850E-02
3850.0	4.428450E-02
3855.0	4.268250E-02
3860.0	4.009850E-02
3865.0	4.062400E-02
3870.0	3.691950E-02
3875.0	3.391600E-02
3880.0	3.277150E-02
3885.0	3.396300E-02
3890.0	3.451400E-02
3895.0	3.749150E-02
3900.0	3.974350E-02
3905.0	3.975000E-02
3910.0	3.578000E-02
3915.0	3.503500E-02
3920.0	3.483250E-02
3925.0	3.435700E-02
3930.0	3.534950E-02
3935.0	3.687150E-02
3940.0	3.711400E-02
3945.0	3.780650E-02
3950.0	3.823750E-02
3955.0	3.869950E-02
3960.0	3.883950E-02
3965.0	3.912650E-02
3970.0	3.849850E-02
3975.0	3.764000E-02
3980.0	3.702450E-02
3985.0	3.725150E-02
3990.0	3.694700E-02
3995.0	3.613150E-02
4000.0	5.339925E-02