> Air Mass 1.5 spectrum "Global Tilt" "edition 2", normalised to 1 sun (1000 W/m2)
> Global tilt = spectral radiation from solar disk plus sky diffuse and diffuse reflected from ground on south facing surface tilted 37 deg from horizontal
> Source: "ASTM G173-03 Reference Spectra 
Derived from SMARTS v. 2.9.2 (AM1.5)"							
> (NREL website, april 2009)
> Adaption to SCAPS format: MB 17-5-2009
> The first column is wavelength in nm
> The value in the second column is the incident power, in W/m2, in a wavelength range from half-away the preceeding lambda-interval, to half-away the next lambda-interval
> (we have artificially added one line before the table: 279 nm, 0 W/m2/nm
>   and one line after the table: 4010 nm, 0 W/m2/nm)
> The total incident power of the AM1.5G ed.2 spectrum (summing the data in the second column) is 1000.40617707 W/m2
> Tn this table, the spectrum is normalised to 1 sun incident power (1000 W/m2)
> by multiplying the second column with 1000/1000.40617707
>
>lambda (nm)	P(W/m2)
280.0	3.546734E-23
280.5	6.151002E-22
281.0	2.843595E-21
281.5	7.827821E-20
282.0	5.970575E-19
282.5	2.270878E-18
283.0	9.222254E-18
283.5	1.767282E-17
284.0	3.632025E-16
284.5	1.242295E-15
285.0	4.005473E-15
285.5	2.129785E-14
286.0	6.839222E-14
286.5	4.189448E-13
287.0	1.367794E-12
287.5	5.449287E-12
288.0	3.115585E-11
288.5	8.577516E-11
289.0	2.812108E-10
289.5	1.037029E-09
290.0	3.007179E-09
290.5	6.888702E-09
291.0	1.751888E-08
291.5	5.454285E-08
292.0	1.340955E-07
292.5	2.133383E-07
293.0	4.321545E-07
293.5	1.134889E-06
294.0	2.086353E-06
294.5	3.294212E-06
295.0	6.142505E-06
295.5	1.390735E-05
296.0	2.394228E-05
296.5	3.565802E-05
297.0	4.838035E-05
297.5	9.300222E-05
298.0	1.448812E-04
298.5	1.788723E-04
299.0	2.459551E-04
299.5	4.301653E-04
300.0	5.100428E-04
300.5	6.222473E-04
301.0	9.646082E-04
301.5	1.345154E-03
302.0	1.459857E-03
302.5	2.141130E-03
303.0	3.545810E-03
303.5	4.487927E-03
304.0	4.733128E-03
304.5	5.974073E-03
305.0	8.228158E-03
305.5	9.355700E-03
306.0	9.284729E-03
306.5	1.054971E-02
307.0	1.391885E-02
307.5	1.781027E-02
308.0	1.891082E-02
308.5	2.070659E-02
309.0	2.025877E-02
309.5	2.164421E-02
310.0	2.545916E-02
310.5	3.275669E-02
311.0	4.144417E-02
311.5	4.202293E-02
312.0	4.666904E-02
312.5	4.947191E-02
313.0	5.364321E-02
313.5	5.376316E-02
314.0	5.982070E-02
314.5	6.527349E-02
315.0	6.809734E-02
315.5	5.916597E-02
316.0	6.171493E-02
316.5	7.514948E-02
317.0	8.575517E-02
317.5	9.118796E-02
318.0	8.793428E-02
318.5	9.291726E-02
319.0	1.023084E-01
319.5	9.790523E-02
320.0	1.025933E-01
320.5	1.225752E-01
321.0	1.250692E-01
321.5	1.191666E-01
322.0	1.109699E-01
322.5	1.085009E-01
323.0	1.060869E-01
323.5	1.242545E-01
324.0	1.376291E-01
324.5	1.415475E-01
325.0	1.394134E-01
325.5	1.621142E-01
326.0	1.905226E-01
326.5	2.035273E-01
327.0	1.989492E-01
327.5	1.922469E-01
328.0	1.755087E-01
328.5	1.857446E-01
329.0	2.110893E-01
329.5	2.342948E-01
330.0	2.355993E-01
330.5	2.139131E-01
331.0	2.012283E-01
331.5	2.089451E-01
332.0	2.180264E-01
332.5	2.195058E-01
333.0	2.146328E-01
333.5	2.035373E-01
334.0	2.074008E-01
334.5	2.224546E-01
335.0	2.318458E-01
335.5	2.264730E-01
336.0	2.075107E-01
336.5	1.909924E-01
337.0	1.868241E-01
337.5	2.001737E-01
338.0	2.169669E-01
338.5	2.275426E-01
339.0	2.316809E-01
339.5	2.371337E-01
340.0	2.507981E-01
340.5	2.502534E-01
341.0	2.355993E-01
341.5	2.345797E-01
342.0	2.445707E-01
342.5	2.537319E-01
343.0	2.573405E-01
343.5	2.429463E-01
344.0	2.091301E-01
344.5	2.014532E-01
345.0	2.293968E-01
345.5	2.445607E-01
346.0	2.387930E-01
346.5	2.431862E-01
347.0	2.469197E-01
347.5	2.382732E-01
348.0	2.374585E-01
348.5	2.415819E-01
349.0	2.327255E-01
349.5	2.389280E-01
350.0	2.638828E-01
350.5	2.835898E-01
351.0	2.757480E-01
351.5	2.650024E-01
352.0	2.588499E-01
352.5	2.447106E-01
353.0	2.600944E-01
353.5	2.860238E-01
354.0	3.023672E-01
354.5	3.056558E-01
355.0	3.055759E-01
355.5	2.950202E-01
356.0	2.768226E-01
356.5	2.596046E-01
357.0	2.282723E-01
357.5	2.309812E-01
358.0	2.149427E-01
358.5	1.995489E-01
359.0	2.346697E-01
359.5	2.826302E-01
360.0	2.989636E-01
360.5	2.825402E-01
361.0	2.600144E-01
361.5	2.546766E-01
362.0	2.669916E-01
362.5	2.924312E-01
363.0	3.008328E-01
363.5	2.925862E-01
364.0	3.030169E-01
364.5	3.001681E-01
365.0	3.116684E-01
365.5	3.430007E-01
366.0	3.675107E-01
366.5	3.681405E-01
367.0	3.612783E-01
367.5	3.544260E-01
368.0	3.336595E-01
368.5	3.314154E-01
369.0	3.464343E-01
369.5	3.721938E-01
370.0	3.773817E-01
370.5	3.411664E-01
371.0	3.465492E-01
371.5	3.601087E-01
372.0	3.370831E-01
372.5	3.211346E-01
373.0	3.093044E-01
373.5	2.788168E-01
374.0	2.780870E-01
374.5	2.760229E-01
375.0	2.945304E-01
375.5	3.256777E-01
376.0	3.372630E-01
376.5	3.318152E-01
377.0	3.559804E-01
377.5	3.971137E-01
378.0	4.278012E-01
378.5	4.169207E-01
379.0	3.717940E-01
379.5	3.332796E-01
380.0	3.502427E-01
380.5	3.752226E-01
381.0	3.817599E-01
381.5	3.440453E-01
382.0	2.932709E-01
382.5	2.537070E-01
383.0	2.274026E-01
383.5	2.201556E-01
384.0	2.547365E-01
384.5	3.066704E-01
385.0	3.366383E-01
385.5	3.216843E-01
386.0	3.103739E-01
386.5	3.227189E-01
387.0	3.256027E-01
387.5	3.208897E-01
388.0	3.177809E-01
388.5	3.155518E-01
389.0	3.425759E-01
389.5	3.796958E-01
390.0	3.983332E-01
390.5	4.016918E-01
391.0	4.255172E-01
391.5	4.315447E-01
392.0	3.973036E-01
392.5	3.311505E-01
393.0	2.397776E-01
393.5	1.906825E-01
394.0	2.477344E-01
394.5	3.417862E-01
395.0	4.036960E-01
395.5	4.300153E-01
396.0	3.781214E-01
396.5	2.749733E-01
397.0	2.130085E-01
397.5	3.145972E-01
398.0	4.260719E-01
398.5	5.032456E-01
399.0	5.344329E-01
399.5	5.508263E-01
400.0	8.352357E-01
401.0	1.159829E+00
402.0	1.205610E+00
403.0	1.160828E+00
404.0	1.179621E+00
405.0	1.150633E+00
406.0	1.122244E+00
407.0	1.102152E+00
408.0	1.150933E+00
409.0	1.229401E+00
410.0	1.048074E+00
411.0	1.173323E+00
412.0	1.247293E+00
413.0	1.196614E+00
414.0	1.183719E+00
415.0	1.225302E+00
416.0	1.261887E+00
417.0	1.230700E+00
418.0	1.177222E+00
419.0	1.225302E+00
420.0	1.122744E+00
421.0	1.275182E+00
422.0	1.257789E+00
423.0	1.217905E+00
424.0	1.211208E+00
425.0	1.248293E+00
426.0	1.213007E+00
427.0	1.171924E+00
428.0	1.183419E+00
429.0	1.095855E+00
430.0	8.742649E-01
431.0	7.936177E-01
432.0	1.320164E+00
433.0	1.228301E+00
434.0	1.134739E+00
435.0	1.244694E+00
436.0	1.365345E+00
437.0	1.393734E+00
438.0	1.223303E+00
439.0	1.177022E+00
440.0	1.349352E+00
441.0	1.330759E+00
442.0	1.424421E+00
443.0	1.444713E+00
444.0	1.407828E+00
445.0	1.461306E+00
446.0	1.310268E+00
447.0	1.489695E+00
448.0	1.507488E+00
449.0	1.503889E+00
450.0	1.558867E+00
451.0	1.616643E+00
452.0	1.547571E+00
453.0	1.429120E+00
454.0	1.532877E+00
455.0	1.521782E+00
456.0	1.571762E+00
457.0	1.584756E+00
458.0	1.550770E+00
459.0	1.538475E+00
460.0	1.528479E+00
461.0	1.582057E+00
462.0	1.596851E+00
463.0	1.602449E+00
464.0	1.553769E+00
465.0	1.534377E+00
466.0	1.566664E+00
467.0	1.496692E+00
468.0	1.561266E+00
469.0	1.567563E+00
470.0	1.507088E+00
471.0	1.532478E+00
472.0	1.611945E+00
473.0	1.549271E+00
474.0	1.566464E+00
475.0	1.617843E+00
476.0	1.562465E+00
477.0	1.571762E+00
478.0	1.622341E+00
479.0	1.590954E+00
480.0	1.617443E+00
481.0	1.617043E+00
482.0	1.622941E+00
483.0	1.603149E+00
484.0	1.572761E+00
485.0	1.567663E+00
486.0	1.271084E+00
487.0	1.423522E+00
488.0	1.540674E+00
489.0	1.451311E+00
490.0	1.621741E+00
491.0	1.558867E+00
492.0	1.486296E+00
493.0	1.589654E+00
494.0	1.551870E+00
495.0	1.647831E+00
496.0	1.566964E+00
497.0	1.593753E+00
498.0	1.550270E+00
499.0	1.550070E+00
500.0	1.544473E+00
501.0	1.497192E+00
502.0	1.495992E+00
503.0	1.564664E+00
504.0	1.458108E+00
505.0	1.562865E+00
506.0	1.625740E+00
507.0	1.555368E+00
508.0	1.515884E+00
509.0	1.588655E+00
510.0	1.547471E+00
511.0	1.576260E+00
512.0	1.617943E+00
513.0	1.519983E+00
514.0	1.487896E+00
515.0	1.530778E+00
516.0	1.544873E+00
517.0	1.258889E+00
518.0	1.439715E+00
519.0	1.395133E+00
520.0	1.522981E+00
521.0	1.533977E+00
522.0	1.568363E+00
523.0	1.478300E+00
524.0	1.589854E+00
525.0	1.577459E+00
526.0	1.533477E+00
527.0	1.341155E+00
528.0	1.535076E+00
529.0	1.606447E+00
530.0	1.543973E+00
531.0	1.628539E+00
532.0	1.599150E+00
533.0	1.428020E+00
534.0	1.529579E+00
535.0	1.552869E+00
536.0	1.619242E+00
537.0	1.498291E+00
538.0	1.573161E+00
539.0	1.534577E+00
540.0	1.481898E+00
541.0	1.424521E+00
542.0	1.550470E+00
543.0	1.524981E+00
544.0	1.578559E+00
545.0	1.542873E+00
546.0	1.528479E+00
547.0	1.548371E+00
548.0	1.504289E+00
549.0	1.551370E+00
550.0	1.539275E+00
551.0	1.537575E+00
552.0	1.569063E+00
553.0	1.524381E+00
554.0	1.554269E+00
555.0	1.562765E+00
556.0	1.535976E+00
557.0	1.498191E+00
558.0	1.530378E+00
559.0	1.447712E+00
560.0	1.473402E+00
561.0	1.558867E+00
562.0	1.484097E+00
563.0	1.540174E+00
564.0	1.509987E+00
565.0	1.519483E+00
566.0	1.436816E+00
567.0	1.531378E+00
568.0	1.517384E+00
569.0	1.480099E+00
570.0	1.480998E+00
571.0	1.432518E+00
572.0	1.512786E+00
573.0	1.519183E+00
574.0	1.511286E+00
575.0	1.477100E+00
576.0	1.464805E+00
577.0	1.501690E+00
578.0	1.455409E+00
579.0	1.476400E+00
580.0	1.501390E+00
581.0	1.508287E+00
582.0	1.531378E+00
583.0	1.547272E+00
584.0	1.544173E+00
585.0	1.531778E+00
586.0	1.494693E+00
587.0	1.527480E+00
588.0	1.492794E+00
589.0	1.288876E+00
590.0	1.370343E+00
591.0	1.465605E+00
592.0	1.434817E+00
593.0	1.455509E+00
594.0	1.448512E+00
595.0	1.430219E+00
596.0	1.473901E+00
597.0	1.478200E+00
598.0	1.460107E+00
599.0	1.460007E+00
600.0	1.474701E+00
601.0	1.457308E+00
602.0	1.435417E+00
603.0	1.465805E+00
604.0	1.491494E+00
605.0	1.488895E+00
606.0	1.481598E+00
607.0	1.490495E+00
608.0	1.485597E+00
609.0	1.474301E+00
610.0	1.468004E+00
611.0	1.460507E+00
612.0	1.482498E+00
613.0	1.461506E+00
614.0	1.417024E+00
615.0	1.469103E+00
616.0	1.430419E+00
617.0	1.412226E+00
618.0	1.465805E+00
619.0	1.472702E+00
620.0	1.473302E+00
621.0	1.479599E+00
622.0	1.426321E+00
623.0	1.415925E+00
624.0	1.411227E+00
625.0	1.402031E+00
626.0	1.400631E+00
627.0	1.441115E+00
628.0	1.362547E+00
629.0	1.410827E+00
630.0	1.391835E+00
631.0	1.415525E+00
632.0	1.363246E+00
633.0	1.450211E+00
634.0	1.427820E+00
635.0	1.445213E+00
636.0	1.412226E+00
637.0	1.460407E+00
638.0	1.470103E+00
639.0	1.464005E+00
640.0	1.433418E+00
641.0	1.434217E+00
642.0	1.437016E+00
643.0	1.451910E+00
644.0	1.445613E+00
645.0	1.456109E+00
646.0	1.414425E+00
647.0	1.408028E+00
648.0	1.394634E+00
649.0	1.351351E+00
650.0	1.358848E+00
651.0	1.444113E+00
652.0	1.386537E+00
653.0	1.430519E+00
654.0	1.414725E+00
655.0	1.349352E+00
656.0	1.184619E+00
657.0	1.238797E+00
658.0	1.384937E+00
659.0	1.389935E+00
660.0	1.398632E+00
661.0	1.392734E+00
662.0	1.381339E+00
663.0	1.383838E+00
664.0	1.396133E+00
665.0	1.420823E+00
666.0	1.419723E+00
667.0	1.409627E+00
668.0	1.414425E+00
669.0	1.438816E+00
670.0	1.419024E+00
671.0	1.416325E+00
672.0	1.396633E+00
673.0	1.408828E+00
674.0	1.406829E+00
675.0	1.395233E+00
676.0	1.411427E+00
677.0	1.398532E+00
678.0	1.406029E+00
679.0	1.394134E+00
680.0	1.396333E+00
681.0	1.390935E+00
682.0	1.397532E+00
683.0	1.382438E+00
684.0	1.373342E+00
685.0	1.374242E+00
686.0	1.343254E+00
687.0	9.678469E-01
688.0	1.120145E+00
689.0	1.127342E+00
690.0	1.181620E+00
691.0	1.232799E+00
692.0	1.268385E+00
693.0	1.260388E+00
694.0	1.245894E+00
695.0	1.270884E+00
696.0	1.267885E+00
697.0	1.339756E+00
698.0	1.318664E+00
699.0	1.291276E+00
700.0	1.281779E+00
701.0	1.265386E+00
702.0	1.266885E+00
703.0	1.274182E+00
704.0	1.307269E+00
705.0	1.320863E+00
706.0	1.313866E+00
707.0	1.308469E+00
708.0	1.304270E+00
709.0	1.308968E+00
710.0	1.316965E+00
711.0	1.314966E+00
712.0	1.306569E+00
713.0	1.291276E+00
714.0	1.302371E+00
715.0	1.258189E+00
716.0	1.271084E+00
717.0	1.106651E+00
718.0	1.029182E+00
719.0	9.228052E-01
720.0	9.850999E-01
721.0	1.085659E+00
722.0	1.240196E+00
723.0	1.143935E+00
724.0	1.055071E+00
725.0	1.037579E+00
726.0	1.080861E+00
727.0	1.084559E+00
728.0	1.039578E+00
729.0	1.046175E+00
730.0	1.128042E+00
731.0	1.069865E+00
732.0	1.152932E+00
733.0	1.195714E+00
734.0	1.235198E+00
735.0	1.217306E+00
736.0	1.205410E+00
737.0	1.203411E+00
738.0	1.226402E+00
739.0	1.190017E+00
740.0	1.219005E+00
741.0	1.214307E+00
742.0	1.214807E+00
743.0	1.239996E+00
744.0	1.249792E+00
745.0	1.249193E+00
746.0	1.246494E+00
747.0	1.247193E+00
748.0	1.239597E+00
749.0	1.235198E+00
750.0	1.233599E+00
751.0	1.228101E+00
752.0	1.232499E+00
753.0	1.226102E+00
754.0	1.241496E+00
755.0	1.237797E+00
756.0	1.222703E+00
757.0	1.221604E+00
758.0	1.229001E+00
759.0	1.194015E+00
760.0	2.659320E-01
761.0	1.538975E-01
762.0	6.873808E-01
763.0	3.793659E-01
764.0	5.385612E-01
765.0	6.857315E-01
766.0	8.142793E-01
767.0	9.737745E-01
768.0	1.113348E+00
769.0	1.127342E+00
770.0	1.160329E+00
771.0	1.168126E+00
772.0	1.177322E+00
773.0	1.176622E+00
774.0	1.176622E+00
775.0	1.176622E+00
776.0	1.179321E+00
777.0	1.172224E+00
778.0	1.170824E+00
779.0	1.176022E+00
780.0	1.163128E+00
781.0	1.160229E+00
782.0	1.165727E+00
783.0	1.160928E+00
784.0	1.153132E+00
785.0	1.158130E+00
786.0	1.158729E+00
787.0	1.144535E+00
788.0	1.130041E+00
789.0	1.125243E+00
790.0	1.090557E+00
791.0	1.105351E+00
792.0	1.094855E+00
793.0	1.087058E+00
794.0	1.096755E+00
795.0	1.092756E+00
796.0	1.073764E+00
797.0	1.090857E+00
798.0	1.111648E+00
799.0	1.090057E+00
800.0	1.072065E+00
801.0	1.083860E+00
802.0	1.085159E+00
803.0	1.065267E+00
804.0	1.077762E+00
805.0	1.054072E+00
806.0	1.096954E+00
807.0	1.085459E+00
808.0	1.081661E+00
809.0	1.054372E+00
810.0	1.055471E+00
811.0	1.052872E+00
812.0	1.026383E+00
813.0	1.008190E+00
814.0	9.031931E-01
815.0	8.948665E-01
816.0	8.318221E-01
817.0	8.514841E-01
818.0	8.222560E-01
819.0	9.048225E-01
820.0	8.615301E-01
821.0	9.972349E-01
822.0	9.511837E-01
823.0	6.724369E-01
824.0	9.346804E-01
825.0	9.689564E-01
826.0	9.334309E-01
827.0	9.842502E-01
828.0	8.494450E-01
829.0	9.289227E-01
830.0	9.156381E-01
831.0	9.235449E-01
832.0	8.938969E-01
833.0	9.561116E-01
834.0	9.337407E-01
835.0	1.002793E+00
836.0	9.719452E-01
837.0	1.008790E+00
838.0	9.986044E-01
839.0	1.000893E+00
840.0	1.015288E+00
841.0	1.009690E+00
842.0	9.966252E-01
843.0	1.004892E+00
844.0	9.859095E-01
845.0	1.016087E+00
846.0	1.018286E+00
847.0	9.912974E-01
848.0	9.917672E-01
849.0	9.855597E-01
850.0	8.933571E-01
851.0	9.745342E-01
852.0	9.688765E-01
853.0	9.644683E-01
854.0	8.507744E-01
855.0	9.126293E-01
856.0	9.727749E-01
857.0	9.912574E-01
858.0	9.915573E-01
859.0	9.913074E-01
860.0	9.877588E-01
861.0	9.863894E-01
862.0	9.940862E-01
863.0	1.000094E+00
864.0	9.787624E-01
865.0	9.628489E-01
866.0	8.486553E-01
867.0	9.150883E-01
868.0	9.588106E-01
869.0	9.491745E-01
870.0	9.671572E-01
871.0	9.534827E-01
872.0	9.664674E-01
873.0	9.568214E-01
874.0	9.400382E-01
875.0	9.264937E-01
876.0	9.523832E-01
877.0	9.557618E-01
878.0	9.519833E-01
879.0	9.361797E-01
880.0	9.391885E-01
881.0	9.082411E-01
882.0	9.320714E-01
883.0	9.288927E-01
884.0	9.326712E-01
885.0	9.438466E-01
886.0	9.071515E-01
887.0	9.102503E-01
888.0	9.219055E-01
889.0	9.341706E-01
890.0	9.235549E-01
891.0	9.254641E-01
892.0	9.084410E-01
893.0	8.729154E-01
894.0	8.509544E-01
895.0	8.132397E-01
896.0	7.622204E-01
897.0	6.653897E-01
898.0	7.175086E-01
899.0	5.484872E-01
900.0	7.422985E-01
901.0	5.990867E-01
902.0	6.676388E-01
903.0	6.886103E-01
904.0	8.442271E-01
905.0	8.167583E-01
906.0	7.752651E-01
907.0	6.382807E-01
908.0	6.519052E-01
909.0	7.040240E-01
910.0	6.244164E-01
911.0	6.678088E-01
912.0	6.886503E-01
913.0	6.280849E-01
914.0	6.262356E-01
915.0	6.780846E-01
916.0	5.762260E-01
917.0	7.298735E-01
918.0	5.924694E-01
919.0	7.384701E-01
920.0	7.438379E-01
921.0	7.801731E-01
922.0	6.999757E-01
923.0	7.447375E-01
924.0	7.212071E-01
925.0	7.108113E-01
926.0	7.030244E-01
927.0	7.871003E-01
928.0	5.894406E-01
929.0	5.510462E-01
930.0	4.319246E-01
931.0	4.090439E-01
932.0	3.007378E-01
933.0	2.483091E-01
934.0	1.437416E-01
935.0	2.507382E-01
936.0	1.613545E-01
937.0	1.633137E-01
938.0	2.004986E-01
939.0	3.987081E-01
940.0	4.716184E-01
941.0	3.717990E-01
942.0	4.051554E-01
943.0	2.782270E-01
944.0	2.856740E-01
945.0	3.680605E-01
946.0	1.945310E-01
947.0	3.709693E-01
948.0	2.741187E-01
949.0	4.937594E-01
950.0	1.472002E-01
951.0	4.835836E-01
952.0	2.688008E-01
953.0	3.434805E-01
954.0	4.239378E-01
955.0	3.410315E-01
956.0	3.280767E-01
957.0	2.705601E-01
958.0	4.608228E-01
959.0	3.736982E-01
960.0	4.204892E-01
961.0	4.610127E-01
962.0	4.415606E-01
963.0	5.048250E-01
964.0	4.584138E-01
965.0	5.035355E-01
966.0	5.025459E-01
967.0	5.021960E-01
968.0	6.518352E-01
969.0	6.859414E-01
970.0	6.343523E-01
971.0	7.136801E-01
972.0	6.873708E-01
973.0	6.062338E-01
974.0	5.750564E-01
975.0	5.896305E-01
976.0	5.716778E-01
977.0	6.383807E-01
978.0	6.148403E-01
979.0	6.378909E-01
980.0	6.044345E-01
981.0	7.130904E-01
982.0	6.918990E-01
983.0	6.683785E-01
984.0	7.370206E-01
985.0	6.878906E-01
986.0	7.505252E-01
987.0	7.389798E-01
988.0	7.343217E-01
989.0	7.487559E-01
990.0	7.319727E-01
991.0	7.532740E-01
992.0	7.507151E-01
993.0	7.369807E-01
994.0	7.537938E-01
995.0	7.514548E-01
996.0	7.485360E-01
997.0	7.394097E-01
998.0	7.385700E-01
999.0	7.382701E-01
1000.0	7.350215E-01
1001.0	7.441178E-01
1002.0	7.277544E-01
1003.0	7.341218E-01
1004.0	7.230663E-01
1005.0	6.814632E-01
1006.0	7.122307E-01
1007.0	7.272346E-01
1008.0	7.265549E-01
1009.0	7.194278E-01
1010.0	7.188480E-01
1011.0	7.224865E-01
1012.0	7.184782E-01
1013.0	7.173186E-01
1014.0	7.203874E-01
1015.0	7.078825E-01
1016.0	7.110012E-01
1017.0	7.030844E-01
1018.0	7.139300E-01
1019.0	6.885003E-01
1020.0	6.986762E-01
1021.0	7.014651E-01
1022.0	6.894200E-01
1023.0	6.947978E-01
1024.0	6.902996E-01
1025.0	6.972468E-01
1026.0	6.960773E-01
1027.0	6.927686E-01
1028.0	6.935683E-01
1029.0	6.860014E-01
1030.0	6.902696E-01
1031.0	6.870809E-01
1032.0	6.875907E-01
1033.0	6.758555E-01
1034.0	6.798739E-01
1035.0	6.820630E-01
1036.0	6.817431E-01
1037.0	6.746960E-01
1038.0	6.714473E-01
1039.0	6.760854E-01
1040.0	6.714273E-01
1041.0	6.714873E-01
1042.0	6.717272E-01
1043.0	6.649799E-01
1044.0	6.680586E-01
1045.0	6.642502E-01
1046.0	6.468773E-01
1047.0	6.566733E-01
1048.0	6.624709E-01
1049.0	6.586925E-01
1050.0	6.543642E-01
1051.0	6.549440E-01
1052.0	6.509156E-01
1053.0	6.489264E-01
1054.0	6.461975E-01
1055.0	6.482067E-01
1056.0	6.461475E-01
1057.0	6.445582E-01
1058.0	6.379209E-01
1059.0	6.184988E-01
1060.0	6.355918E-01
1061.0	6.209578E-01
1062.0	6.324031E-01
1063.0	6.221373E-01
1064.0	6.317034E-01
1065.0	6.288746E-01
1066.0	6.168794E-01
1067.0	6.200681E-01
1068.0	6.191885E-01
1069.0	5.860220E-01
1070.0	6.044445E-01
1071.0	6.163596E-01
1072.0	6.151102E-01
1073.0	6.033849E-01
1074.0	6.213276E-01
1075.0	5.922794E-01
1076.0	6.144604E-01
1077.0	6.040946E-01
1078.0	6.029651E-01
1079.0	6.044945E-01
1080.0	5.969775E-01
1081.0	5.805942E-01
1082.0	5.891607E-01
1083.0	5.978971E-01
1084.0	5.782851E-01
1085.0	5.930591E-01
1086.0	5.538750E-01
1087.0	5.667398E-01
1088.0	5.929292E-01
1089.0	5.789548E-01
1090.0	5.555044E-01
1091.0	5.881111E-01
1092.0	5.810040E-01
1093.0	5.103727E-01
1094.0	5.394309E-01
1095.0	5.204586E-01
1096.0	5.030257E-01
1097.0	5.782851E-01
1098.0	5.027058E-01
1099.0	5.075139E-01
1100.0	4.855728E-01
1101.0	4.967582E-01
1102.0	4.686396E-01
1103.0	4.661806E-01
1104.0	4.674601E-01
1105.0	5.062344E-01
1106.0	3.977584E-01
1107.0	4.828439E-01
1108.0	4.154812E-01
1109.0	4.126124E-01
1110.0	4.787955E-01
1111.0	3.314054E-01
1112.0	4.134021E-01
1113.0	2.683910E-01
1114.0	2.997283E-01
1115.0	2.497685E-01
1116.0	2.012782E-01
1117.0	7.958567E-02
1118.0	2.174417E-01
1119.0	1.131241E-01
1120.0	1.418324E-01
1121.0	1.857845E-01
1122.0	8.165283E-02
1123.0	1.281180E-01
1124.0	1.086559E-01
1125.0	1.442214E-01
1126.0	5.156805E-02
1127.0	1.571862E-01
1128.0	9.918371E-02
1129.0	1.058670E-01
1130.0	7.054535E-02
1131.0	2.954800E-01
1132.0	2.340149E-01
1133.0	1.532478E-01
1134.0	4.172305E-02
1135.0	1.545572E-02
1136.0	1.287077E-01
1137.0	2.877331E-01
1138.0	2.032075E-01
1139.0	2.983788E-01
1140.0	2.558861E-01
1141.0	1.932915E-01
1142.0	2.246987E-01
1143.0	3.117034E-01
1144.0	1.132140E-01
1145.0	1.459807E-01
1146.0	1.575760E-01
1147.0	5.915197E-02
1148.0	2.710199E-01
1149.0	2.184513E-01
1150.0	1.215906E-01
1151.0	2.033174E-01
1152.0	2.475195E-01
1153.0	2.380233E-01
1154.0	1.424222E-01
1155.0	3.130329E-01
1156.0	2.807860E-01
1157.0	3.144523E-01
1158.0	3.115834E-01
1159.0	3.367932E-01
1160.0	2.863637E-01
1161.0	3.473889E-01
1162.0	3.498779E-01
1163.0	4.683798E-01
1164.0	4.017168E-01
1165.0	3.884422E-01
1166.0	3.747878E-01
1167.0	4.097936E-01
1168.0	4.193697E-01
1169.0	4.229282E-01
1170.0	4.585438E-01
1171.0	4.481280E-01
1172.0	4.546453E-01
1173.0	4.562347E-01
1174.0	3.367832E-01
1175.0	4.522163E-01
1176.0	4.765964E-01
1177.0	4.721582E-01
1178.0	3.598538E-01
1179.0	4.835136E-01
1180.0	4.405111E-01
1181.0	4.549552E-01
1182.0	3.230488E-01
1183.0	4.385219E-01
1184.0	4.196795E-01
1185.0	4.072446E-01
1186.0	4.769563E-01
1187.0	4.555650E-01
1188.0	3.349040E-01
1189.0	4.155212E-01
1190.0	4.622023E-01
1191.0	4.464187E-01
1192.0	4.731678E-01
1193.0	4.541555E-01
1194.0	4.687096E-01
1195.0	4.467785E-01
1196.0	4.311349E-01
1197.0	4.769563E-01
1198.0	4.337438E-01
1199.0	3.647419E-01
1200.0	4.480680E-01
1201.0	4.369025E-01
1202.0	4.369925E-01
1203.0	4.339138E-01
1204.0	3.623228E-01
1205.0	4.367426E-01
1206.0	4.806648E-01
1207.0	4.296855E-01
1208.0	4.332840E-01
1209.0	4.141118E-01
1210.0	4.531759E-01
1211.0	4.221485E-01
1212.0	4.247175E-01
1213.0	4.693694E-01
1214.0	4.338938E-01
1215.0	4.276263E-01
1216.0	4.662106E-01
1217.0	4.550952E-01
1218.0	4.591535E-01
1219.0	4.464487E-01
1220.0	4.578640E-01
1221.0	4.651211E-01
1222.0	4.512067E-01
1223.0	4.438797E-01
1224.0	4.478981E-01
1225.0	4.621723E-01
1226.0	4.679999E-01
1227.0	4.328642E-01
1228.0	4.663906E-01
1229.0	4.670203E-01
1230.0	4.598432E-01
1231.0	4.718384E-01
1232.0	4.661407E-01
1233.0	4.537857E-01
1234.0	4.699691E-01
1235.0	4.648512E-01
1236.0	4.688895E-01
1237.0	4.632019E-01
1238.0	4.677800E-01
1239.0	4.625321E-01
1240.0	4.605829E-01
1241.0	4.617824E-01
1242.0	4.622822E-01
1243.0	4.573542E-01
1244.0	4.550952E-01
1245.0	4.563646E-01
1246.0	4.592635E-01
1247.0	4.572743E-01
1248.0	4.584138E-01
1249.0	4.594734E-01
1250.0	4.568644E-01
1251.0	4.523962E-01
1252.0	4.507869E-01
1253.0	4.475482E-01
1254.0	4.434499E-01
1255.0	4.505170E-01
1256.0	4.400513E-01
1257.0	4.351433E-01
1258.0	4.447793E-01
1259.0	4.270765E-01
1260.0	4.309250E-01
1261.0	4.112929E-01
1262.0	3.955094E-01
1263.0	4.000275E-01
1264.0	3.713292E-01
1265.0	3.955393E-01
1266.0	3.851136E-01
1267.0	3.880624E-01
1268.0	3.703596E-01
1269.0	2.464199E-01
1270.0	3.872827E-01
1271.0	4.080842E-01
1272.0	4.086240E-01
1273.0	4.060851E-01
1274.0	4.059751E-01
1275.0	4.121626E-01
1276.0	4.167607E-01
1277.0	4.198395E-01
1278.0	4.274564E-01
1279.0	4.243876E-01
1280.0	4.218686E-01
1281.0	4.131822E-01
1282.0	3.728985E-01
1283.0	4.071646E-01
1284.0	4.206092E-01
1285.0	4.238179E-01
1286.0	4.269666E-01
1287.0	4.219586E-01
1288.0	4.197195E-01
1289.0	4.091938E-01
1290.0	4.126824E-01
1291.0	4.176903E-01
1292.0	3.960191E-01
1293.0	4.124025E-01
1294.0	4.040459E-01
1295.0	4.049755E-01
1296.0	3.894118E-01
1297.0	3.711492E-01
1298.0	3.916709E-01
1299.0	4.083541E-01
1300.0	3.529766E-01
1301.0	3.621329E-01
1302.0	3.916509E-01
1303.0	3.460694E-01
1304.0	3.004979E-01
1305.0	3.836642E-01
1306.0	3.843739E-01
1307.0	3.058158E-01
1308.0	3.468191E-01
1309.0	3.839740E-01
1310.0	3.010177E-01
1311.0	3.335245E-01
1312.0	3.332346E-01
1313.0	3.133927E-01
1314.0	2.882129E-01
1315.0	2.856940E-01
1316.0	3.240584E-01
1317.0	3.120433E-01
1318.0	3.331447E-01
1319.0	2.684410E-01
1320.0	2.586150E-01
1321.0	2.985387E-01
1322.0	3.020473E-01
1323.0	2.326955E-01
1324.0	2.623834E-01
1325.0	3.221092E-01
1326.0	2.803961E-01
1327.0	2.661419E-01
1328.0	2.344048E-01
1329.0	1.775179E-01
1330.0	2.291369E-01
1331.0	1.447412E-01
1332.0	1.457308E-01
1333.0	2.029576E-01
1334.0	1.691813E-01
1335.0	2.310761E-01
1336.0	1.834055E-01
1337.0	1.644732E-01
1338.0	1.779677E-01
1339.0	1.767382E-01
1340.0	1.682417E-01
1341.0	1.703208E-01
1342.0	1.779077E-01
1343.0	1.270584E-01
1344.0	7.561429E-02
1345.0	1.089957E-01
1346.0	5.816238E-02
1347.0	6.009459E-02
1348.0	4.743173E-03
1349.0	1.615244E-02
1350.0	1.601849E-02
1351.0	4.627920E-03
1352.0	1.515784E-03
1353.0	9.605698E-05
1354.0	2.899722E-04
1355.0	3.601937E-06
1356.0	4.805048E-05
1357.0	7.175685E-05
1358.0	4.193097E-06
1359.0	7.340918E-07
1360.0	2.139531E-06
1361.0	4.811346E-09
1362.0	1.806866E-11
1363.0	3.155019E-06
1364.0	1.358348E-06
1365.0	9.072715E-12
1366.0	1.278581E-05
1367.0	4.974380E-06
1368.0	1.480399E-13
1369.0	5.164602E-07
1370.0	2.918814E-07
1371.0	1.972299E-08
1372.0	2.748684E-06
1373.0	4.438297E-05
1374.0	1.790973E-04
1375.0	3.231887E-04
1376.0	2.573755E-04
1377.0	1.226502E-04
1378.0	1.108450E-03
1379.0	5.214282E-05
1380.0	8.155387E-05
1381.0	2.370637E-06
1382.0	2.566158E-06
1383.0	4.399913E-08
1384.0	6.166395E-07
1385.0	2.089051E-06
1386.0	2.520476E-06
1387.0	1.988792E-04
1388.0	4.024565E-06
1389.0	5.807441E-04
1390.0	4.930797E-04
1391.0	3.437004E-04
1392.0	2.377234E-05
1393.0	1.158130E-04
1394.0	7.549534E-05
1395.0	6.710874E-07
1396.0	6.318933E-09
1397.0	4.903708E-05
1398.0	1.269884E-03
1399.0	8.119302E-04
1400.0	3.245282E-09
1401.0	1.052373E-08
1402.0	1.834555E-03
1403.0	2.379034E-03
1404.0	7.386200E-04
1405.0	3.642920E-07
1406.0	2.043970E-03
1407.0	1.744991E-04
1408.0	1.648630E-03
1409.0	6.189386E-04
1410.0	4.663406E-04
1411.0	2.113342E-03
1412.0	2.638528E-03
1413.0	2.334352E-02
1414.0	3.636323E-04
1415.0	1.835854E-04
1416.0	3.555056E-02
1417.0	1.175423E-02
1418.0	1.355349E-02
1419.0	2.143329E-03
1420.0	8.268442E-03
1421.0	9.159979E-03
1422.0	4.629520E-02
1423.0	9.216057E-03
1424.0	1.696811E-02
1425.0	2.583950E-02
1426.0	2.778072E-02
1427.0	4.952588E-02
1428.0	4.556949E-03
1429.0	3.800456E-02
1430.0	6.157599E-02
1431.0	5.013564E-02
1432.0	2.518377E-03
1433.0	3.581945E-02
1434.0	2.095349E-02
1435.0	2.140730E-02
1436.0	3.833543E-02
1437.0	2.986787E-02
1438.0	1.325762E-02
1439.0	5.101828E-02
1440.0	3.958492E-02
1441.0	3.178709E-02
1442.0	3.630225E-02
1443.0	4.504470E-02
1444.0	6.176591E-02
1445.0	4.973080E-02
1446.0	2.308562E-02
1447.0	3.620030E-02
1448.0	1.156430E-01
1449.0	1.020885E-01
1450.0	2.740087E-02
1451.0	1.126642E-02
1452.0	6.233568E-02
1453.0	8.194472E-02
1454.0	1.375341E-01
1455.0	6.612314E-02
1456.0	8.847306E-02
1457.0	1.169525E-01
1458.0	1.363746E-01
1459.0	1.630038E-01
1460.0	8.538632E-02
1461.0	9.023935E-02
1462.0	1.305470E-01
1463.0	4.320745E-02
1464.0	1.517784E-01
1465.0	9.334509E-02
1466.0	6.517053E-02
1467.0	3.603936E-02
1468.0	7.691076E-02
1469.0	9.480649E-02
1470.0	4.965783E-02
1471.0	1.784075E-02
1472.0	4.675201E-02
1473.0	7.016950E-02
1474.0	9.729948E-02
1475.0	1.845550E-01
1476.0	6.875008E-02
1477.0	6.970769E-02
1478.0	6.345423E-02
1479.0	1.199613E-01
1480.0	6.061238E-02
1481.0	1.152432E-01
1482.0	5.846625E-02
1483.0	1.485297E-01
1484.0	1.374142E-01
1485.0	1.249792E-01
1486.0	1.233499E-01
1487.0	6.060438E-02
1488.0	9.414176E-02
1489.0	1.896530E-01
1490.0	1.747090E-01
1491.0	1.976997E-01
1492.0	1.643432E-01
1493.0	1.814963E-01
1494.0	2.035873E-01
1495.0	1.824559E-01
1496.0	1.684516E-01
1497.0	2.284072E-01
1498.0	1.896030E-01
1499.0	2.175017E-01
1500.0	2.505082E-01
1501.0	2.654122E-01
1502.0	2.334652E-01
1503.0	1.848549E-01
1504.0	1.602249E-01
1505.0	1.839453E-01
1506.0	2.576254E-01
1507.0	2.550364E-01
1508.0	2.429213E-01
1509.0	1.868241E-01
1510.0	2.704102E-01
1511.0	2.646325E-01
1512.0	2.605742E-01
1513.0	2.422916E-01
1514.0	2.256184E-01
1515.0	2.656221E-01
1516.0	2.567257E-01
1517.0	2.491888E-01
1518.0	2.520076E-01
1519.0	2.442708E-01
1520.0	2.643926E-01
1521.0	2.749383E-01
1522.0	2.636729E-01
1523.0	2.799263E-01
1524.0	2.752782E-01
1525.0	2.587349E-01
1526.0	2.673414E-01
1527.0	2.620935E-01
1528.0	2.791666E-01
1529.0	2.723294E-01
1530.0	2.551164E-01
1531.0	2.696205E-01
1532.0	2.782770E-01
1533.0	2.770275E-01
1534.0	2.688108E-01
1535.0	2.667517E-01
1536.0	2.745285E-01
1537.0	2.732490E-01
1538.0	2.719096E-01
1539.0	2.728392E-01
1540.0	2.648024E-01
1541.0	2.689308E-01
1542.0	2.691607E-01
1543.0	2.719695E-01
1544.0	2.719895E-01
1545.0	2.769375E-01
1546.0	2.746984E-01
1547.0	2.729791E-01
1548.0	2.666417E-01
1549.0	2.733090E-01
1550.0	2.697904E-01
1551.0	2.704701E-01
1552.0	2.717096E-01
1553.0	2.712098E-01
1554.0	2.646325E-01
1555.0	2.674814E-01
1556.0	2.629932E-01
1557.0	2.705101E-01
1558.0	2.683710E-01
1559.0	2.679712E-01
1560.0	2.655721E-01
1561.0	2.699104E-01
1562.0	2.674514E-01
1563.0	2.665617E-01
1564.0	2.625334E-01
1565.0	2.671715E-01
1566.0	2.623434E-01
1567.0	2.629732E-01
1568.0	2.571156E-01
1569.0	2.544167E-01
1570.0	2.416518E-01
1571.0	2.349746E-01
1572.0	2.376535E-01
1573.0	2.339750E-01
1574.0	2.413520E-01
1575.0	2.396427E-01
1576.0	2.466798E-01
1577.0	2.159323E-01
1578.0	2.350645E-01
1579.0	2.366239E-01
1580.0	2.445407E-01
1581.0	2.485990E-01
1582.0	2.418518E-01
1583.0	2.474495E-01
1584.0	2.489389E-01
1585.0	2.586349E-01
1586.0	2.555862E-01
1587.0	2.529273E-01
1588.0	2.509681E-01
1589.0	2.322357E-01
1590.0	2.416918E-01
1591.0	2.418718E-01
1592.0	2.521476E-01
1593.0	2.582251E-01
1594.0	2.561360E-01
1595.0	2.581252E-01
1596.0	2.444207E-01
1597.0	2.468197E-01
1598.0	2.541068E-01
1599.0	2.419217E-01
1600.0	2.380033E-01
1601.0	2.231394E-01
1602.0	2.240390E-01
1603.0	2.238791E-01
1604.0	2.283273E-01
1605.0	2.367338E-01
1606.0	2.413020E-01
1607.0	2.328654E-01
1608.0	2.298067E-01
1609.0	2.271777E-01
1610.0	2.175117E-01
1611.0	2.267079E-01
1612.0	2.306663E-01
1613.0	2.370937E-01
1614.0	2.382832E-01
1615.0	2.409421E-01
1616.0	2.304064E-01
1617.0	2.345547E-01
1618.0	2.434211E-01
1619.0	2.409022E-01
1620.0	2.343948E-01
1621.0	2.342049E-01
1622.0	2.374436E-01
1623.0	2.423616E-01
1624.0	2.425915E-01
1625.0	2.377234E-01
1626.0	2.396127E-01
1627.0	2.406822E-01
1628.0	2.411620E-01
1629.0	2.412720E-01
1630.0	2.364140E-01
1631.0	2.379633E-01
1632.0	2.381133E-01
1633.0	2.325755E-01
1634.0	2.327255E-01
1635.0	2.335751E-01
1636.0	2.352944E-01
1637.0	2.269078E-01
1638.0	2.199806E-01
1639.0	2.201706E-01
1640.0	2.150227E-01
1641.0	2.195108E-01
1642.0	2.207303E-01
1643.0	2.152626E-01
1644.0	2.234592E-01
1645.0	2.181314E-01
1646.0	2.174017E-01
1647.0	2.275876E-01
1648.0	2.164621E-01
1649.0	2.185812E-01
1650.0	2.251685E-01
1651.0	2.084653E-01
1652.0	2.236392E-01
1653.0	2.226796E-01
1654.0	2.157424E-01
1655.0	2.222197E-01
1656.0	2.209203E-01
1657.0	2.221398E-01
1658.0	2.247787E-01
1659.0	2.211102E-01
1660.0	2.232293E-01
1661.0	2.237491E-01
1662.0	2.189911E-01
1663.0	2.222597E-01
1664.0	2.208903E-01
1665.0	2.116940E-01
1666.0	1.787674E-01
1667.0	2.105945E-01
1668.0	2.145029E-01
1669.0	2.150726E-01
1670.0	2.215900E-01
1671.0	2.187012E-01
1672.0	2.113841E-01
1673.0	2.162022E-01
1674.0	2.156624E-01
1675.0	2.135133E-01
1676.0	2.113641E-01
1677.0	2.122038E-01
1678.0	2.090651E-01
1679.0	2.129435E-01
1680.0	2.054965E-01
1681.0	1.943910E-01
1682.0	2.035773E-01
1683.0	2.089751E-01
1684.0	1.978896E-01
1685.0	2.131234E-01
1686.0	2.101746E-01
1687.0	2.047568E-01
1688.0	2.100447E-01
1689.0	2.070959E-01
1690.0	2.051467E-01
1691.0	1.929516E-01
1692.0	2.069959E-01
1693.0	2.112542E-01
1694.0	2.046869E-01
1695.0	2.095949E-01
1696.0	2.091351E-01
1697.0	1.809965E-01
1698.0	2.073058E-01
1699.0	2.054266E-01
1700.0	2.995033E-01
1702.0	5.096930E-01
1705.0	7.907988E-01
1710.0	9.391186E-01
1715.0	9.478650E-01
1720.0	9.345204E-01
1725.0	8.900385E-01
1730.0	8.699966E-01
1735.0	8.073721E-01
1740.0	8.405586E-01
1745.0	7.737357E-01
1750.0	8.279637E-01
1755.0	7.647394E-01
1760.0	7.995752E-01
1765.0	6.639303E-01
1770.0	7.083123E-01
1775.0	5.739669E-01
1780.0	5.022960E-01
1785.0	3.847487E-01
1790.0	4.443395E-01
1795.0	2.345597E-01
1800.0	1.590754E-01
1805.0	7.404492E-02
1810.0	4.843583E-02
1815.0	1.640134E-02
1820.0	4.935745E-03
1825.0	6.369413E-03
1830.0	2.600994E-05
1835.0	3.208197E-05
1840.0	3.133877E-07
1845.0	3.131628E-05
1850.0	1.499041E-05
1855.0	1.419224E-06
1860.0	5.573236E-05
1865.0	8.487553E-05
1870.0	1.332559E-09
1875.0	2.255584E-09
1880.0	3.873677E-04
1885.0	2.193609E-04
1890.0	1.116197E-03
1895.0	6.470872E-04
1900.0	4.309300E-06
1905.0	2.832200E-06
1910.0	1.151782E-04
1915.0	9.969451E-05
1920.0	2.252535E-03
1925.0	4.678850E-03
1930.0	2.760979E-03
1935.0	1.796020E-02
1940.0	1.640384E-02
1945.0	5.429295E-02
1950.0	8.360104E-02
1955.0	5.015963E-02
1960.0	1.094855E-01
1965.0	1.427570E-01
1970.0	2.441358E-01
1975.0	3.391472E-01
1980.0	3.774067E-01
1985.0	4.151464E-01
1990.0	4.278912E-01
1995.0	4.057852E-01
2000.0	1.907025E-01
2005.0	7.497455E-02
2010.0	1.986593E-01
2015.0	1.331859E-01
2020.0	2.248137E-01
2025.0	3.698998E-01
2030.0	4.241077E-01
2035.0	4.817343E-01
2040.0	4.487227E-01
2045.0	4.551851E-01
2050.0	3.394971E-01
2055.0	2.744185E-01
2060.0	3.458245E-01
2065.0	3.092494E-01
2070.0	3.282467E-01
2075.0	3.870578E-01
2080.0	4.338838E-01
2085.0	4.253372E-01
2090.0	4.453191E-01
2095.0	4.485528E-01
2100.0	4.304901E-01
2105.0	4.655759E-01
2110.0	4.480880E-01
2115.0	4.581789E-01
2120.0	4.377622E-01
2125.0	4.429801E-01
2130.0	4.486878E-01
2135.0	4.500372E-01
2140.0	4.536507E-01
2145.0	4.472483E-01
2150.0	4.230232E-01
2155.0	4.240278E-01
2160.0	4.206791E-01
2165.0	3.813951E-01
2170.0	4.098135E-01
2175.0	4.020767E-01
2180.0	4.088739E-01
2185.0	3.725987E-01
2190.0	3.951795E-01
2195.0	3.947996E-01
2200.0	3.558655E-01
2205.0	3.698998E-01
2210.0	3.964140E-01
2215.0	3.812102E-01
2220.0	3.884922E-01
2225.0	3.771118E-01
2230.0	3.787112E-01
2235.0	3.713442E-01
2240.0	3.654416E-01
2245.0	3.540462E-01
2250.0	3.595390E-01
2255.0	3.383126E-01
2260.0	3.345091E-01
2265.0	3.405467E-01
2270.0	3.242033E-01
2275.0	3.199750E-01
2280.0	3.313054E-01
2285.0	3.152719E-01
2290.0	3.159717E-01
2295.0	3.062006E-01
2300.0	2.940006E-01
2305.0	2.957349E-01
2310.0	3.192203E-01
2315.0	2.905870E-01
2320.0	2.600494E-01
2325.0	2.809609E-01
2330.0	2.840046E-01
2335.0	2.897173E-01
2340.0	2.290870E-01
2345.0	2.568957E-01
2350.0	2.075957E-01
2355.0	2.372686E-01
2360.0	2.510830E-01
2365.0	2.469447E-01
2370.0	1.540224E-01
2375.0	2.206454E-01
2380.0	2.126736E-01
2385.0	1.540674E-01
2390.0	1.854697E-01
2395.0	2.028876E-01
2400.0	2.206604E-01
2405.0	1.679268E-01
2410.0	1.689964E-01
2415.0	1.364446E-01
2420.0	1.328960E-01
2425.0	1.653228E-01
2430.0	2.254034E-01
2435.0	7.435980E-02
2440.0	2.161572E-01
2445.0	1.039478E-01
2450.0	6.802737E-02
2455.0	1.242145E-01
2460.0	1.667473E-01
2465.0	1.206910E-01
2470.0	8.360104E-02
2475.0	8.224160E-02
2480.0	4.018118E-02
2485.0	2.803961E-02
2490.0	1.754937E-02
2495.0	1.438016E-02
2500.0	3.530666E-02
2505.0	7.592416E-03
2510.0	1.107700E-02
2515.0	2.592947E-03
2520.0	1.851948E-03
2525.0	2.068810E-04
2530.0	3.178359E-06
2535.0	8.747447E-07
2540.0	1.885034E-06
2545.0	2.686809E-10
2550.0	1.410527E-12
2555.0	5.215382E-09
2560.0	1.550370E-10
2565.0	7.974261E-14
2570.0	7.625903E-18
2575.0	5.390810E-27
2580.0	1.909924E-21
2585.0	8.593510E-34
2590.0	2.738538E-30
2595.0	1.141436E-32
2600.0	2.244688E-27
2605.0	2.901471E-34
2610.0	2.971143E-33
2615.0	5.595727E-37
2620.0	2.824103E-28
2625.0	1.933565E-27
2630.0	1.400731E-44
2635.0	1.950558E-15
2640.0	5.872615E-16
2645.0	4.497573E-18
2650.0	7.144598E-19
2655.0	6.563834E-27
2660.0	1.302871E-24
2665.0	5.559242E-37
2670.0	0.000000E+00
2675.0	0.000000E+00
2680.0	0.000000E+00
2685.0	0.000000E+00
2690.0	5.110924E-29
2695.0	3.562753E-32
2700.0	0.000000E+00
2705.0	1.465155E-41
2710.0	5.622716E-35
2715.0	1.927067E-25
2720.0	2.801462E-44
2725.0	3.645269E-21
2730.0	3.035467E-18
2735.0	2.743286E-20
2740.0	1.165227E-26
2745.0	6.570331E-23
2750.0	8.320620E-28
2755.0	3.361735E-43
2760.0	0.000000E+00
2765.0	1.338306E-26
2770.0	4.187849E-23
2775.0	1.998688E-37
2780.0	2.402374E-33
2785.0	1.942511E-26
2790.0	6.082529E-16
2795.0	1.809515E-15
2800.0	8.238654E-12
2805.0	3.372530E-13
2810.0	2.010833E-09
2815.0	1.433668E-09
2820.0	1.026983E-10
2825.0	8.798926E-07
2830.0	1.949608E-05
2835.0	1.063368E-09
2840.0	9.800519E-07
2845.0	2.027926E-04
2850.0	5.780652E-06
2855.0	2.242439E-06
2860.0	1.267285E-04
2865.0	8.378097E-04
2870.0	3.155168E-05
2875.0	1.957705E-03
2880.0	1.235698E-03
2885.0	2.265680E-03
2890.0	9.307719E-04
2895.0	1.331609E-02
2900.0	4.055953E-03
2905.0	5.545747E-04
2910.0	1.360447E-02
2915.0	6.287946E-03
2920.0	1.446812E-02
2925.0	5.415300E-03
2930.0	2.941705E-02
2935.0	3.243832E-02
2940.0	8.133196E-03
2945.0	7.241559E-03
2950.0	2.612739E-02
2955.0	1.167576E-02
2960.0	2.297617E-02
2965.0	3.717440E-02
2970.0	1.760935E-03
2975.0	4.269716E-03
2980.0	6.687784E-03
2985.0	3.479987E-02
2990.0	5.137913E-02
2995.0	2.136882E-02
3000.0	3.922007E-02
3005.0	1.444713E-02
3010.0	3.422560E-02
3015.0	2.776422E-02
3020.0	3.167164E-03
3025.0	3.750027E-02
3030.0	3.036417E-02
3035.0	1.248793E-02
3040.0	1.011689E-02
3045.0	2.103646E-02
3050.0	5.158405E-03
3055.0	1.446762E-03
3060.0	3.149321E-02
3065.0	1.455059E-02
3070.0	8.742449E-03
3075.0	3.009827E-02
3080.0	1.810465E-02
3085.0	8.831913E-03
3090.0	1.189767E-02
3095.0	3.274170E-03
3100.0	2.199607E-02
3105.0	4.605879E-03
3110.0	4.226733E-03
3115.0	1.133390E-02
3120.0	4.907857E-02
3125.0	1.513835E-02
3130.0	2.879530E-02
3135.0	5.720676E-02
3140.0	1.661375E-02
3145.0	1.625190E-02
3150.0	3.335845E-02
3155.0	2.817156E-02
3160.0	4.614126E-02
3165.0	7.005654E-02
3170.0	6.255459E-02
3175.0	4.613226E-02
3180.0	5.308344E-02
3185.0	4.039509E-02
3190.0	2.118539E-02
3195.0	1.345803E-02
3200.0	2.191260E-03
3205.0	1.548021E-03
3210.0	6.814232E-04
3215.0	2.486590E-03
3220.0	8.041234E-03
3225.0	9.933465E-04
3230.0	1.703308E-03
3235.0	3.645519E-02
3240.0	1.872439E-02
3245.0	3.668960E-03
3250.0	1.302821E-02
3255.0	4.966883E-02
3260.0	6.121514E-03
3265.0	1.222753E-02
3270.0	6.090526E-03
3275.0	2.962047E-02
3280.0	1.431619E-02
3285.0	5.561741E-02
3290.0	4.376772E-02
3295.0	6.114516E-03
3300.0	8.893388E-03
3305.0	1.970000E-02
3310.0	1.960954E-02
3315.0	8.063225E-05
3320.0	2.998132E-04
3325.0	1.758636E-02
3330.0	2.329854E-02
3335.0	4.532859E-02
3340.0	1.729398E-02
3345.0	1.769681E-02
3350.0	4.012220E-02
3355.0	1.814663E-02
3360.0	2.619036E-02
3365.0	3.593890E-02
3370.0	1.968650E-02
3375.0	4.226283E-02
3380.0	2.554712E-02
3385.0	3.743280E-02
3390.0	4.925599E-02
3395.0	4.771312E-02
3400.0	6.251961E-02
3405.0	2.228795E-02
3410.0	3.538663E-02
3415.0	3.637223E-02
3420.0	6.579827E-02
3425.0	5.000969E-02
3430.0	4.342836E-02
3435.0	5.774155E-02
3440.0	4.015769E-02
3445.0	5.656702E-02
3450.0	5.574236E-02
3455.0	4.152763E-02
3460.0	6.262456E-02
3465.0	4.906957E-02
3470.0	6.129510E-02
3475.0	5.469279E-02
3480.0	5.609721E-02
3485.0	6.044545E-02
3490.0	5.207385E-02
3495.0	6.130010E-02
3500.0	5.956081E-02
3505.0	5.902103E-02
3510.0	5.979071E-02
3515.0	5.744667E-02
3520.0	6.058539E-02
3525.0	5.711680E-02
3530.0	5.561241E-02
3535.0	4.725880E-02
3540.0	4.513667E-02
3545.0	4.769663E-02
3550.0	5.266861E-02
3555.0	4.527211E-02
3560.0	5.395309E-02
3565.0	5.423297E-02
3570.0	4.167107E-02
3575.0	4.320445E-02
3580.0	5.091432E-02
3585.0	4.581689E-02
3590.0	4.724231E-02
3595.0	4.833037E-02
3600.0	5.128917E-02
3605.0	5.177397E-02
3610.0	4.737426E-02
3615.0	4.734377E-02
3620.0	5.804642E-02
3625.0	5.117421E-02
3630.0	4.975479E-02
3635.0	5.147409E-02
3640.0	5.737669E-02
3645.0	5.297348E-02
3650.0	5.059445E-02
3655.0	5.486771E-02
3660.0	5.454784E-02
3665.0	5.124419E-02
3670.0	3.948546E-02
3675.0	2.413320E-02
3680.0	4.163909E-02
3685.0	4.717084E-02
3690.0	4.844132E-02
3695.0	5.063943E-02
3700.0	5.436792E-02
3705.0	5.382814E-02
3710.0	4.680099E-02
3715.0	4.610827E-02
3720.0	5.185894E-02
3725.0	5.346828E-02
3730.0	4.633468E-02
3735.0	4.290107E-02
3740.0	4.422904E-02
3745.0	5.163403E-02
3750.0	4.643264E-02
3755.0	4.494075E-02
3760.0	4.429851E-02
3765.0	4.273364E-02
3770.0	4.560298E-02
3775.0	4.524212E-02
3780.0	4.785356E-02
3785.0	4.404361E-02
3790.0	3.876625E-02
3795.0	4.432799E-02
3800.0	4.927599E-02
3805.0	4.650561E-02
3810.0	4.120876E-02
3815.0	3.876875E-02
3820.0	4.825540E-02
3825.0	4.750870E-02
3830.0	4.794303E-02
3835.0	3.844239E-02
3840.0	4.485978E-02
3845.0	4.388268E-02
3850.0	4.411908E-02
3855.0	4.252523E-02
3860.0	3.995377E-02
3865.0	4.047806E-02
3870.0	3.678706E-02
3875.0	3.379627E-02
3880.0	3.265674E-02
3885.0	3.384475E-02
3890.0	3.439503E-02
3895.0	3.736482E-02
3900.0	3.961091E-02
3905.0	3.961841E-02
3910.0	3.566201E-02
3915.0	3.491982E-02
3920.0	3.471890E-02
3925.0	3.424609E-02
3930.0	3.523669E-02
3935.0	3.675557E-02
3940.0	3.699847E-02
3945.0	3.769069E-02
3950.0	3.812302E-02
3955.0	3.858383E-02
3960.0	3.872527E-02
3965.0	3.901265E-02
3970.0	3.838741E-02
3975.0	3.753325E-02
3980.0	3.692100E-02
3985.0	3.714841E-02
3990.0	3.684653E-02
3995.0	3.603536E-02
4000.0	5.326062E-02

