> Air Mass 1.5 spectrum "Direct + Circumsolar" (DCS) "edition 2", normalised to 1 sun (1000 W/m2)
> Direct = Direct Normal Irradiance Nearly parallel (0.5 deg divergent cone) radiation 
> on surface with surface normal tracking (pointing to) the sun, 
> excluding scattered sky and reflected ground radiation
> Circumsolar = Spectral irradiance within +/- 2.5 degree (5 degree diameter) field of view 
> centered on the 0.5 deg diameter solar disk, but excluding the radiation from the disk  
> Source: "ASTM G173-03 Reference Spectra 
Derived from SMARTS v. 2.9.2 (AM1.5)"							
> (NREL website, april 2009)
> Adaption to SCAPS format: MB 17-5-2009
> The first column is wavelength in nm
> The value in the second column is the incident power, in W/m2, in a wavelength range from half-away the preceeding lambda-interval, to half-away the next lambda-interval
> (we have artificially added one line before the table: 279 nm, 0 W/m2/nm
>   and one line after the table: 4010 nm, 0 W/m2/nm)
> The total incident power of the AM1.5CDS ed.2 spectrum (summing the data in the second column) is 900.17492878 W/m2
> In this table, the spectrum is normalised to 1 sun incident power (1000 W/m2)
> by multiplying the second column with 1000/900.17492878
>
>lambda (nm)	P(W/m2)
280.0	2.113006E-26
280.5	6.063821E-25
281.0	3.402283E-24
281.5	1.526314E-22
282.0	1.574472E-21
282.5	7.371345E-21
283.0	3.757381E-20
283.5	8.117311E-20
284.0	2.768240E-18
284.5	1.201100E-17
285.0	4.998917E-17
285.5	3.578416E-16
286.0	1.305468E-15
286.5	1.025245E-14
287.0	4.029606E-14
287.5	2.033938E-13
288.0	1.558641E-12
288.5	5.035188E-12
289.0	1.942845E-11
289.5	8.536119E-11
290.0	2.858000E-10
290.5	7.389119E-10
291.0	2.164302E-09
291.5	8.012332E-09
292.0	2.265615E-08
292.5	3.911129E-08
293.0	8.753854E-08
293.5	2.615880E-07
294.0	5.252201E-07
294.5	8.867721E-07
295.0	1.791096E-06
295.5	4.455023E-06
296.0	8.185631E-06
296.5	1.294859E-05
297.0	1.843364E-05
297.5	3.772156E-05
298.0	6.180465E-05
298.5	7.926237E-05
299.0	1.128836E-04
299.5	2.076596E-04
300.0	2.534563E-04
300.5	3.177549E-04
301.0	5.106008E-04
301.5	7.332464E-04
302.0	8.092871E-04
302.5	1.216986E-03
303.0	2.073597E-03
303.5	2.668592E-03
304.0	2.831283E-03
304.5	3.592357E-03
305.0	4.962147E-03
305.5	5.657789E-03
306.0	5.637793E-03
306.5	6.425418E-03
307.0	8.468354E-03
307.5	1.081345E-02
308.0	1.152720E-02
308.5	1.263643E-02
309.0	1.238537E-02
309.5	1.314856E-02
310.0	1.545588E-02
310.5	1.992890E-02
311.0	2.521288E-02
311.5	2.563724E-02
312.0	2.827117E-02
312.5	2.986420E-02
313.0	3.239537E-02
313.5	3.277085E-02
314.0	3.625184E-02
314.5	3.914572E-02
315.0	4.092871E-02
315.5	3.601133E-02
316.0	3.726387E-02
316.5	4.505680E-02
317.0	5.166774E-02
317.5	5.538479E-02
318.0	5.322021E-02
318.5	5.557253E-02
319.0	6.093816E-02
319.5	5.939401E-02
320.0	6.263783E-02
320.5	7.390230E-02
321.0	7.450774E-02
321.5	7.119172E-02
322.0	6.776461E-02
322.5	6.648708E-02
323.0	6.455967E-02
323.5	7.439110E-02
324.0	8.249508E-02
324.5	8.591108E-02
325.0	8.611660E-02
325.5	9.962508E-02
326.0	1.159108E-01
326.5	1.230983E-01
327.0	1.212764E-01
327.5	1.182270E-01
328.0	1.098287E-01
328.5	1.148388E-01
329.0	1.294026E-01
329.5	1.436610E-01
330.0	1.454828E-01
330.5	1.338795E-01
331.0	1.268365E-01
331.5	1.312800E-01
332.0	1.361291E-01
332.5	1.369456E-01
333.0	1.347683E-01
333.5	1.292249E-01
334.0	1.323243E-01
334.5	1.412725E-01
335.0	1.470659E-01
335.5	1.438276E-01
336.0	1.322687E-01
336.5	1.227484E-01
337.0	1.209043E-01
337.5	1.301636E-01
338.0	1.406449E-01
338.5	1.474658E-01
339.0	1.505041E-01
339.5	1.546755E-01
340.0	1.647402E-01
340.5	1.648235E-01
341.0	1.551476E-01
341.5	1.547088E-01
342.0	1.617519E-01
342.5	1.682784E-01
343.0	1.713945E-01
343.5	1.624462E-01
344.0	1.408171E-01
344.5	1.357458E-01
345.0	1.547144E-01
345.5	1.653068E-01
346.0	1.618130E-01
346.5	1.652290E-01
347.0	1.684006E-01
347.5	1.630294E-01
348.0	1.627795E-01
348.5	1.659900E-01
349.0	1.603244E-01
349.5	1.650790E-01
350.0	1.828145E-01
350.5	1.970228E-01
351.0	1.922015E-01
351.5	1.854528E-01
352.0	1.814869E-01
352.5	1.719332E-01
353.0	1.831588E-01
353.5	2.019108E-01
354.0	2.139751E-01
354.5	2.168634E-01
355.0	2.174022E-01
355.5	2.103924E-01
356.0	1.978893E-01
356.5	1.860472E-01
357.0	1.640070E-01
357.5	1.663566E-01
358.0	1.551698E-01
358.5	1.444053E-01
359.0	1.702447E-01
359.5	2.055878E-01
360.0	2.179576E-01
360.5	2.064432E-01
361.0	1.903963E-01
361.5	1.868915E-01
362.0	1.963507E-01
362.5	2.155359E-01
363.0	2.222068E-01
363.5	2.165912E-01
364.0	2.248008E-01
364.5	2.231733E-01
365.0	2.322326E-01
365.5	2.561169E-01
366.0	2.749910E-01
366.5	2.760241E-01
367.0	2.714417E-01
367.5	2.668426E-01
368.0	2.517233E-01
368.5	2.505402E-01
369.0	2.624157E-01
369.5	2.824784E-01
370.0	2.869776E-01
370.5	2.599384E-01
371.0	2.645486E-01
371.5	2.754298E-01
372.0	2.583165E-01
372.5	2.465576E-01
373.0	2.379149E-01
373.5	2.148582E-01
374.0	2.146861E-01
374.5	2.134863E-01
375.0	2.282168E-01
375.5	2.528064E-01
376.0	2.622712E-01
376.5	2.584942E-01
377.0	2.778016E-01
377.5	3.104397E-01
378.0	3.350127E-01
378.5	3.271142E-01
379.0	2.922543E-01
379.5	2.624768E-01
380.0	2.763407E-01
380.5	2.965868E-01
381.0	3.022968E-01
381.5	2.729192E-01
382.0	2.330547E-01
382.5	2.019663E-01
383.0	1.813425E-01
383.5	1.758436E-01
384.0	2.037882E-01
384.5	2.457245E-01
385.0	2.701586E-01
385.5	2.585553E-01
386.0	2.498625E-01
386.5	2.602161E-01
387.0	2.629656E-01
387.5	2.595662E-01
388.0	2.574500E-01
388.5	2.560391E-01
389.0	2.783959E-01
389.5	3.090344E-01
390.0	3.246980E-01
390.5	3.279252E-01
391.0	3.478990E-01
391.5	3.533591E-01
392.0	3.258033E-01
392.5	2.719527E-01
393.0	1.971950E-01
393.5	1.570361E-01
394.0	2.042936E-01
394.5	2.822285E-01
395.0	3.338018E-01
395.5	3.560475E-01
396.0	3.135113E-01
396.5	2.282945E-01
397.0	1.770878E-01
397.5	2.618991E-01
398.0	3.551754E-01
398.5	4.200406E-01
399.0	4.466243E-01
399.5	4.609104E-01
400.0	6.997723E-01
401.0	9.741551E-01
402.0	1.015214E+00
403.0	9.799318E-01
404.0	9.981282E-01
405.0	9.759103E-01
406.0	9.540146E-01
407.0	9.392063E-01
408.0	9.830089E-01
409.0	1.052207E+00
410.0	8.988253E-01
411.0	1.008360E+00
412.0	1.074080E+00
413.0	1.032588E+00
414.0	1.023512E+00
415.0	1.061671E+00
416.0	1.095654E+00
417.0	1.070814E+00
418.0	1.026378E+00
419.0	1.070392E+00
420.0	9.827756E-01
421.0	1.118338E+00
422.0	1.105330E+00
423.0	1.072358E+00
424.0	1.068481E+00
425.0	1.103252E+00
426.0	1.073869E+00
427.0	1.039242E+00
428.0	1.051185E+00
429.0	9.749883E-01
430.0	7.791152E-01
431.0	7.085178E-01
432.0	1.180659E+00
433.0	1.100342E+00
434.0	1.018169E+00
435.0	1.118671E+00
436.0	1.228761E+00
437.0	1.255978E+00
438.0	1.103874E+00
439.0	1.063715E+00
440.0	1.221207E+00
441.0	1.206321E+00
442.0	1.293082E+00
443.0	1.313411E+00
444.0	1.281640E+00
445.0	1.332186E+00
446.0	1.195990E+00
447.0	1.361624E+00
448.0	1.379954E+00
449.0	1.378510E+00
450.0	1.430944E+00
451.0	1.485933E+00
452.0	1.424390E+00
453.0	1.316855E+00
454.0	1.414170E+00
455.0	1.405838E+00
456.0	1.453940E+00
457.0	1.467826E+00
458.0	1.438165E+00
459.0	1.428500E+00
460.0	1.420946E+00
461.0	1.472492E+00
462.0	1.487711E+00
463.0	1.494376E+00
464.0	1.450274E+00
465.0	1.433610E+00
466.0	1.465271E+00
467.0	1.401505E+00
468.0	1.463938E+00
469.0	1.471603E+00
470.0	1.416280E+00
471.0	1.441387E+00
472.0	1.517594E+00
473.0	1.460161E+00
474.0	1.477935E+00
475.0	1.528036E+00
476.0	1.477380E+00
477.0	1.487711E+00
478.0	1.537368E+00
479.0	1.509262E+00
480.0	1.535813E+00
481.0	1.537035E+00
482.0	1.544033E+00
483.0	1.526592E+00
484.0	1.498820E+00
485.0	1.494932E+00
486.0	1.212875E+00
487.0	1.359180E+00
488.0	1.472158E+00
489.0	1.387730E+00
490.0	1.551698E+00
491.0	1.492488E+00
492.0	1.423945E+00
493.0	1.524037E+00
494.0	1.488822E+00
495.0	1.581693E+00
496.0	1.505041E+00
497.0	1.531702E+00
498.0	1.490932E+00
499.0	1.491821E+00
500.0	1.487600E+00
501.0	1.443053E+00
502.0	1.443164E+00
503.0	1.510484E+00
504.0	1.408837E+00
505.0	1.510595E+00
506.0	1.572250E+00
507.0	1.505041E+00
508.0	1.467493E+00
509.0	1.538590E+00
510.0	1.499375E+00
511.0	1.527814E+00
512.0	1.569139E+00
513.0	1.474936E+00
514.0	1.444497E+00
515.0	1.486933E+00
516.0	1.501264E+00
517.0	1.223873E+00
518.0	1.400283E+00
519.0	1.357736E+00
520.0	1.482934E+00
521.0	1.494376E+00
522.0	1.528592E+00
523.0	1.441498E+00
524.0	1.551032E+00
525.0	1.539590E+00
526.0	1.497376E+00
527.0	1.310301E+00
528.0	1.500597E+00
529.0	1.571028E+00
530.0	1.510595E+00
531.0	1.593912E+00
532.0	1.565696E+00
533.0	1.398617E+00
534.0	1.498709E+00
535.0	1.522038E+00
536.0	1.587691E+00
537.0	1.469603E+00
538.0	1.543700E+00
539.0	1.506152E+00
540.0	1.454828E+00
541.0	1.399172E+00
542.0	1.523482E+00
543.0	1.498931E+00
544.0	1.552032E+00
545.0	1.517150E+00
546.0	1.503708E+00
547.0	1.523815E+00
548.0	1.480934E+00
549.0	1.527703E+00
550.0	1.516150E+00
551.0	1.515150E+00
552.0	1.546699E+00
553.0	1.503374E+00
554.0	1.533258E+00
555.0	1.542256E+00
556.0	1.516483E+00
557.0	1.479823E+00
558.0	1.512262E+00
559.0	1.431388E+00
560.0	1.457272E+00
561.0	1.542478E+00
562.0	1.469159E+00
563.0	1.525370E+00
564.0	1.495931E+00
565.0	1.505818E+00
566.0	1.424501E+00
567.0	1.518927E+00
568.0	1.505707E+00
569.0	1.469492E+00
570.0	1.470825E+00
571.0	1.423057E+00
572.0	1.503486E+00
573.0	1.510262E+00
574.0	1.502708E+00
575.0	1.469159E+00
576.0	1.457272E+00
577.0	1.494376E+00
578.0	1.448607E+00
579.0	1.469714E+00
580.0	1.494709E+00
581.0	1.501708E+00
582.0	1.525148E+00
583.0	1.541034E+00
584.0	1.538034E+00
585.0	1.526037E+00
586.0	1.489599E+00
587.0	1.522815E+00
588.0	1.488933E+00
589.0	1.286639E+00
590.0	1.368179E+00
591.0	1.463160E+00
592.0	1.433055E+00
593.0	1.453717E+00
594.0	1.447385E+00
595.0	1.429722E+00
596.0	1.473047E+00
597.0	1.477824E+00
598.0	1.459938E+00
599.0	1.460272E+00
600.0	1.475047E+00
601.0	1.457828E+00
602.0	1.436165E+00
603.0	1.466937E+00
604.0	1.492932E+00
605.0	1.490599E+00
606.0	1.483378E+00
607.0	1.492377E+00
608.0	1.487711E+00
609.0	1.476602E+00
610.0	1.470492E+00
611.0	1.463049E+00
612.0	1.485267E+00
613.0	1.464382E+00
614.0	1.420057E+00
615.0	1.472380E+00
616.0	1.433721E+00
617.0	1.415725E+00
618.0	1.469492E+00
619.0	1.476602E+00
620.0	1.477380E+00
621.0	1.484045E+00
622.0	1.431055E+00
623.0	1.421168E+00
624.0	1.416502E+00
625.0	1.407171E+00
626.0	1.405838E+00
627.0	1.446608E+00
628.0	1.369512E+00
629.0	1.417280E+00
630.0	1.398506E+00
631.0	1.421835E+00
632.0	1.369401E+00
633.0	1.456384E+00
634.0	1.433832E+00
635.0	1.451385E+00
636.0	1.418391E+00
637.0	1.466826E+00
638.0	1.476602E+00
639.0	1.470603E+00
640.0	1.439942E+00
641.0	1.440831E+00
642.0	1.443608E+00
643.0	1.458605E+00
644.0	1.452384E+00
645.0	1.463049E+00
646.0	1.421613E+00
647.0	1.415725E+00
648.0	1.402505E+00
649.0	1.359069E+00
650.0	1.366290E+00
651.0	1.452051E+00
652.0	1.395062E+00
653.0	1.438609E+00
654.0	1.422723E+00
655.0	1.357514E+00
656.0	1.191657E+00
657.0	1.246202E+00
658.0	1.393063E+00
659.0	1.398173E+00
660.0	1.407282E+00
661.0	1.401728E+00
662.0	1.390619E+00
663.0	1.392951E+00
664.0	1.404949E+00
665.0	1.429833E+00
666.0	1.428611E+00
667.0	1.418280E+00
668.0	1.423057E+00
669.0	1.447719E+00
670.0	1.427834E+00
671.0	1.425167E+00
672.0	1.405394E+00
673.0	1.417502E+00
674.0	1.415503E+00
675.0	1.404060E+00
676.0	1.420391E+00
677.0	1.407393E+00
678.0	1.414947E+00
679.0	1.402950E+00
680.0	1.405282E+00
681.0	1.399839E+00
682.0	1.406615E+00
683.0	1.391507E+00
684.0	1.382509E+00
685.0	1.383509E+00
686.0	1.352404E+00
687.0	9.807538E-01
688.0	1.132558E+00
689.0	1.139778E+00
690.0	1.193768E+00
691.0	1.244314E+00
692.0	1.279307E+00
693.0	1.271531E+00
694.0	1.257311E+00
695.0	1.281751E+00
696.0	1.278974E+00
697.0	1.349849E+00
698.0	1.328742E+00
699.0	1.302080E+00
700.0	1.292638E+00
701.0	1.276307E+00
702.0	1.277529E+00
703.0	1.284972E+00
704.0	1.317966E+00
705.0	1.331852E+00
706.0	1.324743E+00
707.0	1.319188E+00
708.0	1.315189E+00
709.0	1.319743E+00
710.0	1.327964E+00
711.0	1.325742E+00
712.0	1.317077E+00
713.0	1.301858E+00
714.0	1.313411E+00
715.0	1.269531E+00
716.0	1.282862E+00
717.0	1.119893E+00
718.0	1.042831E+00
719.0	9.361958E-01
720.0	9.991391E-01
721.0	1.099420E+00
722.0	1.253201E+00
723.0	1.157886E+00
724.0	1.069848E+00
725.0	1.052473E+00
726.0	1.095765E+00
727.0	1.099653E+00
728.0	1.054995E+00
729.0	1.060938E+00
730.0	1.143556E+00
731.0	1.085367E+00
732.0	1.168662E+00
733.0	1.210987E+00
734.0	1.250979E+00
735.0	1.233205E+00
736.0	1.221318E+00
737.0	1.219541E+00
738.0	1.242425E+00
739.0	1.205877E+00
740.0	1.235204E+00
741.0	1.230650E+00
742.0	1.231316E+00
743.0	1.257089E+00
744.0	1.267309E+00
745.0	1.266865E+00
746.0	1.264310E+00
747.0	1.265199E+00
748.0	1.257867E+00
749.0	1.253756E+00
750.0	1.252312E+00
751.0	1.246869E+00
752.0	1.251423E+00
753.0	1.245314E+00
754.0	1.261199E+00
755.0	1.257644E+00
756.0	1.242536E+00
757.0	1.241536E+00
758.0	1.249313E+00
759.0	1.214431E+00
760.0	2.745689E-01
761.0	1.591691E-01
762.0	7.053185E-01
763.0	3.912240E-01
764.0	5.541701E-01
765.0	7.040520E-01
766.0	8.340601E-01
767.0	9.950733E-01
768.0	1.135557E+00
769.0	1.149443E+00
770.0	1.182659E+00
771.0	1.190435E+00
772.0	1.199989E+00
773.0	1.199434E+00
774.0	1.199767E+00
775.0	1.199878E+00
776.0	1.202766E+00
777.0	1.195768E+00
778.0	1.194657E+00
779.0	1.200100E+00
780.0	1.187214E+00
781.0	1.184436E+00
782.0	1.190213E+00
783.0	1.185547E+00
784.0	1.177771E+00
785.0	1.182992E+00
786.0	1.183770E+00
787.0	1.169773E+00
788.0	1.155220E+00
789.0	1.150776E+00
790.0	1.115894E+00
791.0	1.130780E+00
792.0	1.120227E+00
793.0	1.112562E+00
794.0	1.122115E+00
795.0	1.118227E+00
796.0	1.099620E+00
797.0	1.117227E+00
798.0	1.138112E+00
799.0	1.116227E+00
800.0	1.098220E+00
801.0	1.110651E+00
802.0	1.112117E+00
803.0	1.091877E+00
804.0	1.104807E+00
805.0	1.080568E+00
806.0	1.124448E+00
807.0	1.112895E+00
808.0	1.109162E+00
809.0	1.081490E+00
810.0	1.082990E+00
811.0	1.080601E+00
812.0	1.054040E+00
813.0	1.035754E+00
814.0	9.296082E-01
815.0	9.212321E-01
816.0	8.572889E-01
817.0	8.774295E-01
818.0	8.476019E-01
819.0	9.314190E-01
820.0	8.875941E-01
821.0	1.025267E+00
822.0	9.784876E-01
823.0	6.951538E-01
824.0	9.622463E-01
825.0	9.970507E-01
826.0	9.612576E-01
827.0	1.012892E+00
828.0	8.761630E-01
829.0	9.568696E-01
830.0	9.434833E-01
831.0	9.516595E-01
832.0	9.216098E-01
833.0	9.844975E-01
834.0	9.621241E-01
835.0	1.032210E+00
836.0	1.001305E+00
837.0	1.038609E+00
838.0	1.028522E+00
839.0	1.030722E+00
840.0	1.045619E+00
841.0	1.040087E+00
842.0	1.026589E+00
843.0	1.035032E+00
844.0	1.015736E+00
845.0	1.046752E+00
846.0	1.049207E+00
847.0	1.021435E+00
848.0	1.022135E+00
849.0	1.015880E+00
850.0	9.209321E-01
851.0	1.004849E+00
852.0	9.991614E-01
853.0	9.946956E-01
854.0	8.776072E-01
855.0	9.414392E-01
856.0	1.003616E+00
857.0	1.022679E+00
858.0	1.023068E+00
859.0	1.022923E+00
860.0	1.019402E+00
861.0	1.018113E+00
862.0	1.026101E+00
863.0	1.032399E+00
864.0	1.010426E+00
865.0	9.941068E-01
866.0	8.762963E-01
867.0	9.449941E-01
868.0	9.902520E-01
869.0	9.803872E-01
870.0	9.990614E-01
871.0	9.850419E-01
872.0	9.985504E-01
873.0	9.886856E-01
874.0	9.714890E-01
875.0	9.576361E-01
876.0	9.845309E-01
877.0	9.881191E-01
878.0	9.843309E-01
879.0	9.680785E-01
880.0	9.713001E-01
881.0	9.394063E-01
882.0	9.641126E-01
883.0	9.608577E-01
884.0	9.649125E-01
885.0	9.766213E-01
886.0	9.388731E-01
887.0	9.420280E-01
888.0	9.542479E-01
889.0	9.669343E-01
890.0	9.562364E-01
891.0	9.582026E-01
892.0	9.407949E-01
893.0	9.044020E-01
894.0	8.821952E-01
895.0	8.437916E-01
896.0	7.916795E-01
897.0	6.921988E-01
898.0	7.458217E-01
899.0	5.716778E-01
900.0	7.712834E-01
901.0	6.239010E-01
902.0	6.943095E-01
903.0	7.163385E-01
904.0	8.760742E-01
905.0	8.480241E-01
906.0	8.054212E-01
907.0	6.646819E-01
908.0	6.786570E-01
909.0	7.322132E-01
910.0	6.504625E-01
911.0	6.951982E-01
912.0	7.166163E-01
913.0	6.543839E-01
914.0	6.525398E-01
915.0	7.059739E-01
916.0	6.009832E-01
917.0	7.592969E-01
918.0	6.177910E-01
919.0	7.683062E-01
920.0	7.738163E-01
921.0	8.109979E-01
922.0	7.285695E-01
923.0	7.742717E-01
924.0	7.506430E-01
925.0	7.400895E-01
926.0	7.318022E-01
927.0	8.185520E-01
928.0	6.150249E-01
929.0	5.753548E-01
930.0	4.519011E-01
931.0	4.281390E-01
932.0	3.153387E-01
933.0	2.606049E-01
934.0	1.511262E-01
935.0	2.631711E-01
936.0	1.696004E-01
937.0	1.716666E-01
938.0	2.106479E-01
939.0	4.175966E-01
940.0	4.933597E-01
941.0	3.896021E-01
942.0	4.242731E-01
943.0	2.920432E-01
944.0	2.997973E-01
945.0	3.858028E-01
946.0	2.045047E-01
947.0	3.889244E-01
948.0	2.878441E-01
949.0	5.167218E-01
950.0	1.549032E-01
951.0	5.061572E-01
952.0	2.823673E-01
953.0	3.603966E-01
954.0	4.442248E-01
955.0	3.577527E-01
956.0	3.443331E-01
957.0	2.842892E-01
958.0	4.827173E-01
959.0	3.920793E-01
960.0	4.408588E-01
961.0	4.830283E-01
962.0	4.628434E-01
963.0	5.286195E-01
964.0	4.803733E-01
965.0	5.273308E-01
966.0	5.263088E-01
967.0	5.260422E-01
968.0	6.809899E-01
969.0	7.163052E-01
970.0	6.630822E-01
971.0	7.449552E-01
972.0	7.179605E-01
973.0	6.341101E-01
974.0	6.017719E-01
975.0	6.169468E-01
976.0	5.984615E-01
977.0	6.674703E-01
978.0	6.432416E-01
979.0	6.670481E-01
980.0	6.325548E-01
981.0	7.449441E-01
982.0	7.232150E-01
983.0	6.989197E-01
984.0	7.697393E-01
985.0	7.191269E-01
986.0	7.837699E-01
987.0	7.719500E-01
988.0	7.671731E-01
989.0	7.819702E-01
990.0	7.647736E-01
991.0	7.868804E-01
992.0	7.842587E-01
993.0	7.701281E-01
994.0	7.875247E-01
995.0	7.851030E-01
996.0	7.821702E-01
997.0	7.726832E-01
998.0	7.718611E-01
999.0	7.715723E-01
1000.0	7.682840E-01
1001.0	7.777711E-01
1002.0	7.609410E-01
1003.0	7.674731E-01
1004.0	7.560308E-01
1005.0	7.125282E-01
1006.0	7.448219E-01
1007.0	7.605522E-01
1008.0	7.599301E-01
1009.0	7.525426E-01
1010.0	7.520205E-01
1011.0	7.557864E-01
1012.0	7.517094E-01
1013.0	7.504764E-01
1014.0	7.537202E-01
1015.0	7.407005E-01
1016.0	7.440332E-01
1017.0	7.358236E-01
1018.0	7.472214E-01
1019.0	7.207488E-01
1020.0	7.314023E-01
1021.0	7.343795E-01
1022.0	7.218597E-01
1023.0	7.275253E-01
1024.0	7.229373E-01
1025.0	7.301581E-01
1026.0	7.290250E-01
1027.0	7.256145E-01
1028.0	7.265032E-01
1029.0	7.186048E-01
1030.0	7.231039E-01
1031.0	7.198490E-01
1032.0	7.204377E-01
1033.0	7.082068E-01
1034.0	7.124837E-01
1035.0	7.148388E-01
1036.0	7.145611E-01
1037.0	7.072403E-01
1038.0	7.038743E-01
1039.0	7.087734E-01
1040.0	7.039298E-01
1041.0	7.040743E-01
1042.0	7.043742E-01
1043.0	6.973422E-01
1044.0	7.006083E-01
1045.0	6.966646E-01
1046.0	6.785126E-01
1047.0	6.888439E-01
1048.0	6.949649E-01
1049.0	6.910435E-01
1050.0	6.865554E-01
1051.0	6.872220E-01
1052.0	6.830561E-01
1053.0	6.810010E-01
1054.0	6.781793E-01
1055.0	6.803344E-01
1056.0	6.782571E-01
1057.0	6.766463E-01
1058.0	6.697143E-01
1059.0	6.493516E-01
1060.0	6.673481E-01
1061.0	6.520288E-01
1062.0	6.641154E-01
1063.0	6.533730E-01
1064.0	6.634488E-01
1065.0	6.605494E-01
1066.0	6.479852E-01
1067.0	6.513956E-01
1068.0	6.505513E-01
1069.0	6.157470E-01
1070.0	6.351877E-01
1071.0	6.476963E-01
1072.0	6.464743E-01
1073.0	6.341656E-01
1074.0	6.529842E-01
1075.0	6.227012E-01
1076.0	6.458856E-01
1077.0	6.351543E-01
1078.0	6.340545E-01
1079.0	6.355431E-01
1080.0	6.278669E-01
1081.0	6.106924E-01
1082.0	6.195796E-01
1083.0	6.288000E-01
1084.0	6.084928E-01
1085.0	6.239121E-01
1086.0	5.831755E-01
1087.0	5.963841E-01
1088.0	6.238676E-01
1089.0	6.093927E-01
1090.0	5.849530E-01
1091.0	6.190130E-01
1092.0	6.115256E-01
1093.0	5.378621E-01
1094.0	5.678896E-01
1095.0	5.483712E-01
1096.0	5.302414E-01
1097.0	6.088261E-01
1098.0	5.299970E-01
1099.0	5.350182E-01
1100.0	5.122671E-01
1101.0	5.239982E-01
1102.0	4.944928E-01
1103.0	4.920266E-01
1104.0	4.933708E-01
1105.0	5.339518E-01
1106.0	4.203627E-01
1107.0	5.095232E-01
1108.0	4.389925E-01
1109.0	4.360153E-01
1110.0	5.054129E-01
1111.0	3.507318E-01
1112.0	4.369151E-01
1113.0	2.843781E-01
1114.0	3.174494E-01
1115.0	2.647597E-01
1116.0	2.135474E-01
1117.0	8.461022E-02
1118.0	2.306552E-01
1119.0	1.202100E-01
1120.0	1.506596E-01
1121.0	1.972172E-01
1122.0	8.682646E-02
1123.0	1.361402E-01
1124.0	1.154998E-01
1125.0	1.532369E-01
1126.0	5.487156E-02
1127.0	1.669898E-01
1128.0	1.054751E-01
1129.0	1.125670E-01
1130.0	7.506097E-02
1131.0	3.132836E-01
1132.0	2.483851E-01
1133.0	1.628683E-01
1134.0	4.442248E-02
1135.0	1.646236E-02
1136.0	1.368623E-01
1137.0	3.051851E-01
1138.0	2.158247E-01
1139.0	3.164274E-01
1140.0	2.715805E-01
1141.0	2.053601E-01
1142.0	2.386314E-01
1143.0	3.305802E-01
1144.0	1.204544E-01
1145.0	1.552587E-01
1146.0	1.675785E-01
1147.0	6.300442E-02
1148.0	2.876996E-01
1149.0	2.321104E-01
1150.0	1.293971E-01
1151.0	2.161024E-01
1152.0	2.629045E-01
1153.0	2.528620E-01
1154.0	1.515594E-01
1155.0	3.321910E-01
1156.0	2.981309E-01
1157.0	3.337129E-01
1158.0	3.307135E-01
1159.0	3.572972E-01
1160.0	3.040631E-01
1161.0	3.684506E-01
1162.0	3.711723E-01
1163.0	4.959480E-01
1164.0	4.258283E-01
1165.0	4.119199E-01
1166.0	3.974894E-01
1167.0	4.344156E-01
1168.0	4.445580E-01
1169.0	4.482240E-01
1170.0	4.858056E-01
1171.0	4.749077E-01
1172.0	4.817952E-01
1173.0	4.834838E-01
1174.0	3.576305E-01
1175.0	4.792624E-01
1176.0	5.048685E-01
1177.0	5.003472E-01
1178.0	3.820480E-01
1179.0	5.122782E-01
1180.0	4.671536E-01
1181.0	4.823840E-01
1182.0	3.432999E-01
1183.0	4.649430E-01
1184.0	4.452801E-01
1185.0	4.322271E-01
1186.0	5.056573E-01
1187.0	4.831728E-01
1188.0	3.559197E-01
1189.0	4.408588E-01
1190.0	4.901714E-01
1191.0	4.736635E-01
1192.0	5.018025E-01
1193.0	4.817952E-01
1194.0	4.971367E-01
1195.0	4.740301E-01
1196.0	4.575555E-01
1197.0	5.057573E-01
1198.0	4.601994E-01
1199.0	3.873580E-01
1200.0	4.753409E-01
1201.0	4.636321E-01
1202.0	4.637210E-01
1203.0	4.603661E-01
1204.0	3.848696E-01
1205.0	4.633988E-01
1206.0	5.095898E-01
1207.0	4.559558E-01
1208.0	4.596773E-01
1209.0	4.393368E-01
1210.0	4.806510E-01
1211.0	4.479018E-01
1212.0	4.507124E-01
1213.0	4.977255E-01
1214.0	4.603883E-01
1215.0	4.538118E-01
1216.0	4.944483E-01
1217.0	4.827617E-01
1218.0	4.870387E-01
1219.0	4.736746E-01
1220.0	4.857278E-01
1221.0	4.933819E-01
1222.0	4.787514E-01
1223.0	4.710196E-01
1224.0	4.753298E-01
1225.0	4.903602E-01
1226.0	4.965257E-01
1227.0	4.594663E-01
1228.0	4.948372E-01
1229.0	4.955481E-01
1230.0	4.879940E-01
1231.0	5.006471E-01
1232.0	4.946261E-01
1233.0	4.816730E-01
1234.0	4.987142E-01
1235.0	4.933374E-01
1236.0	4.976255E-01
1237.0	4.916711E-01
1238.0	4.965035E-01
1239.0	4.909490E-01
1240.0	4.889161E-01
1241.0	4.902380E-01
1242.0	4.907824E-01
1243.0	4.855945E-01
1244.0	4.832283E-01
1245.0	4.845947E-01
1246.0	4.877052E-01
1247.0	4.856278E-01
1248.0	4.868831E-01
1249.0	4.880163E-01
1250.0	4.852835E-01
1251.0	4.805733E-01
1252.0	4.788625E-01
1253.0	4.754965E-01
1254.0	4.711973E-01
1255.0	4.786625E-01
1256.0	4.676424E-01
1257.0	4.624657E-01
1258.0	4.726748E-01
1259.0	4.540006E-01
1260.0	4.580776E-01
1261.0	4.373705E-01
1262.0	4.206627E-01
1263.0	4.254729E-01
1264.0	3.951232E-01
1265.0	4.207071E-01
1266.0	4.097093E-01
1267.0	4.127975E-01
1268.0	3.940901E-01
1269.0	2.627934E-01
1270.0	4.119977E-01
1271.0	4.339379E-01
1272.0	4.345155E-01
1273.0	4.318494E-01
1274.0	4.317383E-01
1275.0	4.383037E-01
1276.0	4.431916E-01
1277.0	4.464799E-01
1278.0	4.545339E-01
1279.0	4.513123E-01
1280.0	4.486572E-01
1281.0	4.394035E-01
1282.0	3.965340E-01
1283.0	4.330047E-01
1284.0	4.473353E-01
1285.0	4.507679E-01
1286.0	4.541117E-01
1287.0	4.488572E-01
1288.0	4.464910E-01
1289.0	4.354043E-01
1290.0	4.390480E-01
1291.0	4.444025E-01
1292.0	4.215403E-01
1293.0	4.388703E-01
1294.0	4.300164E-01
1295.0	4.310384E-01
1296.0	4.146083E-01
1297.0	3.952898E-01
1298.0	4.169856E-01
1299.0	4.346600E-01
1300.0	3.760936E-01
1301.0	3.857917E-01
1302.0	4.170189E-01
1303.0	3.687839E-01
1304.0	3.204822E-01
1305.0	4.086206E-01
1306.0	4.093982E-01
1307.0	3.261810E-01
1308.0	3.696726E-01
1309.0	4.090538E-01
1310.0	3.211376E-01
1311.0	3.556198E-01
1312.0	3.553309E-01
1313.0	3.342573E-01
1314.0	3.076069E-01
1315.0	3.049074E-01
1316.0	3.456328E-01
1317.0	3.329242E-01
1318.0	3.553087E-01
1319.0	2.866443E-01
1320.0	2.762130E-01
1321.0	3.186492E-01
1322.0	3.224151E-01
1323.0	2.486850E-01
1324.0	2.802900E-01
1325.0	3.437443E-01
1326.0	2.994529E-01
1327.0	2.843114E-01
1328.0	2.505624E-01
1329.0	1.899298E-01
1330.0	2.449746E-01
1331.0	1.549810E-01
1332.0	1.560363E-01
1333.0	2.171245E-01
1334.0	1.810981E-01
1335.0	2.471075E-01
1336.0	1.962952E-01
1337.0	1.760991E-01
1338.0	1.905296E-01
1339.0	1.892188E-01
1340.0	1.801428E-01
1341.0	1.823979E-01
1342.0	1.905074E-01
1343.0	1.361846E-01
1344.0	8.111535E-02
1345.0	1.168773E-01
1346.0	6.242009E-02
1347.0	6.449635E-02
1348.0	5.094788E-03
1349.0	1.734885E-02
1350.0	1.720554E-02
1351.0	4.972256E-03
1352.0	1.628683E-03
1353.0	1.032222E-04
1354.0	3.116172E-04
1355.0	3.871136E-06
1356.0	5.164441E-05
1357.0	7.712834E-05
1358.0	4.507457E-06
1359.0	7.891799E-07
1360.0	2.300220E-06
1361.0	5.172995E-09
1362.0	1.942845E-11
1363.0	3.392674E-06
1364.0	1.460827E-06
1365.0	9.757326E-12
1366.0	1.375177E-05
1367.0	5.350182E-06
1368.0	1.589802E-13
1369.0	5.555365E-07
1370.0	3.140056E-07
1371.0	2.121921E-08
1372.0	2.957536E-06
1373.0	4.775850E-05
1374.0	1.927403E-04
1375.0	3.478102E-04
1376.0	2.770017E-04
1377.0	1.320077E-04
1378.0	1.193213E-03
1379.0	5.613687E-05
1380.0	8.780738E-05
1381.0	2.552615E-06
1382.0	2.763241E-06
1383.0	4.738301E-08
1384.0	6.641154E-07
1385.0	2.250118E-06
1386.0	2.715139E-06
1387.0	2.142695E-04
1388.0	4.336602E-06
1389.0	6.258561E-04
1390.0	5.314078E-04
1391.0	3.704280E-04
1392.0	2.562280E-05
1393.0	1.248424E-04
1394.0	8.139307E-05
1395.0	7.236038E-07
1396.0	6.814009E-09
1397.0	5.288417E-05
1398.0	1.369623E-03
1399.0	8.757742E-04
1400.0	3.500764E-09
1401.0	1.135224E-08
1402.0	1.979282E-03
1403.0	2.567057E-03
1404.0	7.971228E-04
1405.0	3.932014E-07
1406.0	2.206349E-03
1407.0	1.883745E-04
1408.0	1.779987E-03
1409.0	6.683034E-04
1410.0	5.035910E-04
1411.0	2.282223E-03
1412.0	2.849446E-03
1413.0	2.520621E-02
1414.0	3.928014E-04
1415.0	1.983392E-04
1416.0	3.839365E-02
1417.0	1.269864E-02
1418.0	1.464382E-02
1419.0	2.316328E-03
1420.0	8.935708E-03
1421.0	9.899965E-03
1422.0	5.001583E-02
1423.0	9.962064E-03
1424.0	1.834199E-02
1425.0	2.793013E-02
1426.0	3.002972E-02
1427.0	5.352293E-02
1428.0	4.927931E-03
1429.0	4.108646E-02
1430.0	6.655595E-02
1431.0	5.420280E-02
1432.0	2.724359E-03
1433.0	3.873692E-02
1434.0	2.266559E-02
1435.0	2.315883E-02
1436.0	4.146527E-02
1437.0	3.231039E-02
1438.0	1.434499E-02
1439.0	5.518039E-02
1440.0	4.282168E-02
1441.0	3.439220E-02
1442.0	3.927681E-02
1443.0	4.873275E-02
1444.0	6.681257E-02
1445.0	5.380510E-02
1446.0	2.498625E-02
1447.0	3.917572E-02
1448.0	1.250201E-01
1449.0	1.103941E-01
1450.0	2.965979E-02
1451.0	1.219763E-02
1452.0	6.745133E-02
1453.0	8.865277E-02
1454.0	1.486822E-01
1455.0	7.155165E-02
1456.0	9.571251E-02
1457.0	1.264865E-01
1458.0	1.474491E-01
1459.0	1.761880E-01
1460.0	9.238316E-02
1461.0	9.763213E-02
1462.0	1.411726E-01
1463.0	4.677535E-02
1464.0	1.640792E-01
1465.0	1.009926E-01
1466.0	7.053962E-02
1467.0	3.902353E-02
1468.0	8.323715E-02
1469.0	1.025845E-01
1470.0	5.376399E-02
1471.0	1.932291E-02
1472.0	5.061905E-02
1473.0	7.594968E-02
1474.0	1.052740E-01
1475.0	1.994501E-01
1476.0	7.441554E-02
1477.0	7.544756E-02
1478.0	6.868110E-02
1479.0	1.297526E-01
1480.0	6.561280E-02
1481.0	1.246535E-01
1482.0	6.328437E-02
1483.0	1.605688E-01
1484.0	1.485822E-01
1485.0	1.351737E-01
1486.0	1.333963E-01
1487.0	6.558947E-02
1488.0	1.018180E-01
1489.0	2.048824E-01
1490.0	1.887744E-01
1491.0	2.135363E-01
1492.0	1.775877E-01
1493.0	1.960841E-01
1494.0	2.198906E-01
1495.0	1.971284E-01
1496.0	1.820202E-01
1497.0	2.465965E-01
1498.0	2.048157E-01
1499.0	2.348544E-01
1500.0	2.703808E-01
1501.0	2.864110E-01
1502.0	2.520399E-01
1503.0	1.996501E-01
1504.0	1.731441E-01
1505.0	1.986836E-01
1506.0	2.780126E-01
1507.0	2.752687E-01
1508.0	2.622379E-01
1509.0	2.018385E-01
1510.0	2.918211E-01
1511.0	2.856112E-01
1512.0	2.812231E-01
1513.0	2.615492E-01
1514.0	2.436193E-01
1515.0	2.866554E-01
1516.0	2.770906E-01
1517.0	2.689922E-01
1518.0	2.720471E-01
1519.0	2.637154E-01
1520.0	2.853668E-01
1521.0	2.966868E-01
1522.0	2.845780E-01
1523.0	3.020746E-01
1524.0	2.970867E-01
1525.0	2.792791E-01
1526.0	2.885772E-01
1527.0	2.829228E-01
1528.0	3.012970E-01
1529.0	2.939429E-01
1530.0	2.753798E-01
1531.0	2.910545E-01
1532.0	3.003750E-01
1533.0	2.990308E-01
1534.0	2.901880E-01
1535.0	2.879885E-01
1536.0	2.963757E-01
1537.0	2.950315E-01
1538.0	2.935763E-01
1539.0	2.945983E-01
1540.0	2.859111E-01
1541.0	2.903991E-01
1542.0	2.906657E-01
1543.0	2.937096E-01
1544.0	2.937540E-01
1545.0	2.990752E-01
1546.0	2.966646E-01
1547.0	2.947983E-01
1548.0	2.879440E-01
1549.0	2.951426E-01
1550.0	2.913434E-01
1551.0	2.920877E-01
1552.0	2.934430E-01
1553.0	2.928986E-01
1554.0	2.858000E-01
1555.0	2.888883E-01
1556.0	2.840448E-01
1557.0	2.921765E-01
1558.0	2.898659E-01
1559.0	2.894326E-01
1560.0	2.868442E-01
1561.0	2.915211E-01
1562.0	2.888661E-01
1563.0	2.879107E-01
1564.0	2.835560E-01
1565.0	2.885550E-01
1566.0	2.833449E-01
1567.0	2.840115E-01
1568.0	2.776905E-01
1569.0	2.747910E-01
1570.0	2.610270E-01
1571.0	2.538396E-01
1572.0	2.567057E-01
1573.0	2.527287E-01
1574.0	2.606604E-01
1575.0	2.587719E-01
1576.0	2.663927E-01
1577.0	2.332213E-01
1578.0	2.538840E-01
1579.0	2.555614E-01
1580.0	2.640820E-01
1581.0	2.684478E-01
1582.0	2.611492E-01
1583.0	2.671814E-01
1584.0	2.687700E-01
1585.0	2.792235E-01
1586.0	2.759241E-01
1587.0	2.730469E-01
1588.0	2.709251E-01
1589.0	2.506957E-01
1590.0	2.609048E-01
1591.0	2.610937E-01
1592.0	2.721915E-01
1593.0	2.787458E-01
1594.0	2.765018E-01
1595.0	2.786458E-01
1596.0	2.638487E-01
1597.0	2.664482E-01
1598.0	2.743133E-01
1599.0	2.611826E-01
1600.0	2.569834E-01
1601.0	2.409643E-01
1602.0	2.419530E-01
1603.0	2.417863E-01
1604.0	2.465854E-01
1605.0	2.556170E-01
1606.0	2.605382E-01
1607.0	2.514733E-01
1608.0	2.482073E-01
1609.0	2.453745E-01
1610.0	2.349099E-01
1611.0	2.448302E-01
1612.0	2.490849E-01
1613.0	2.560280E-01
1614.0	2.573055E-01
1615.0	2.601717E-01
1616.0	2.487850E-01
1617.0	2.532619E-01
1618.0	2.628378E-01
1619.0	2.601161E-01
1620.0	2.530953E-01
1621.0	2.528953E-01
1622.0	2.564057E-01
1623.0	2.617158E-01
1624.0	2.619713E-01
1625.0	2.567168E-01
1626.0	2.587719E-01
1627.0	2.599273E-01
1628.0	2.604605E-01
1629.0	2.605716E-01
1630.0	2.553282E-01
1631.0	2.570167E-01
1632.0	2.571833E-01
1633.0	2.512178E-01
1634.0	2.513734E-01
1635.0	2.523065E-01
1636.0	2.541617E-01
1637.0	2.451079E-01
1638.0	2.376538E-01
1639.0	2.378427E-01
1640.0	2.323215E-01
1641.0	2.371539E-01
1642.0	2.384759E-01
1643.0	2.326103E-01
1644.0	2.414309E-01
1645.0	2.356875E-01
1646.0	2.349210E-01
1647.0	2.458967E-01
1648.0	2.339212E-01
1649.0	2.361874E-01
1650.0	2.433083E-01
1651.0	2.253007E-01
1652.0	2.416641E-01
1653.0	2.406310E-01
1654.0	2.331880E-01
1655.0	2.401644E-01
1656.0	2.387758E-01
1657.0	2.400978E-01
1658.0	2.429528E-01
1659.0	2.389980E-01
1660.0	2.412975E-01
1661.0	2.418863E-01
1662.0	2.367651E-01
1663.0	2.402866E-01
1664.0	2.388202E-01
1665.0	2.289222E-01
1666.0	1.934180E-01
1667.0	2.277557E-01
1668.0	2.319660E-01
1669.0	2.326103E-01
1670.0	2.396534E-01
1671.0	2.365540E-01
1672.0	2.286444E-01
1673.0	2.338657E-01
1674.0	2.333102E-01
1675.0	2.309884E-01
1676.0	2.286667E-01
1677.0	2.295998E-01
1678.0	2.262338E-01
1679.0	2.304108E-01
1680.0	2.223679E-01
1681.0	2.103591E-01
1682.0	2.202905E-01
1683.0	2.261449E-01
1684.0	2.142139E-01
1685.0	2.306552E-01
1686.0	2.274669E-01
1687.0	2.216347E-01
1688.0	2.273447E-01
1689.0	2.241564E-01
1690.0	2.220791E-01
1691.0	2.089372E-01
1692.0	2.241120E-01
1693.0	2.287000E-01
1694.0	2.216236E-01
1695.0	2.269226E-01
1696.0	2.264338E-01
1697.0	1.960619E-01
1698.0	2.244786E-01
1699.0	2.224457E-01
1700.0	3.243370E-01
1702.0	5.519483E-01
1705.0	8.565002E-01
1710.0	1.017358E+00
1715.0	1.027023E+00
1720.0	1.012637E+00
1725.0	9.646458E-01
1730.0	9.430945E-01
1735.0	8.752743E-01
1740.0	9.112118E-01
1745.0	8.390036E-01
1750.0	8.977144E-01
1755.0	8.293388E-01
1760.0	8.669426E-01
1765.0	7.202489E-01
1770.0	7.682396E-01
1775.0	6.228234E-01
1780.0	5.451329E-01
1785.0	4.177021E-01
1790.0	4.823007E-01
1795.0	2.547505E-01
1800.0	1.728109E-01
1805.0	8.045658E-02
1810.0	5.263533E-02
1815.0	1.782598E-02
1820.0	5.364402E-03
1825.0	6.922543E-03
1830.0	2.827006E-05
1835.0	3.487322E-05
1840.0	3.406949E-07
1845.0	3.404783E-05
1850.0	1.630128E-05
1855.0	1.543867E-06
1860.0	6.065488E-05
1865.0	9.244870E-05
1870.0	1.452384E-09
1875.0	2.460411E-09
1880.0	4.228234E-04
1885.0	2.395590E-04
1890.0	1.219541E-03
1895.0	7.078069E-04
1900.0	4.716639E-06
1905.0	3.099286E-06
1910.0	1.262310E-04
1915.0	1.092732E-04
1920.0	2.469020E-03
1925.0	5.128225E-03
1930.0	3.025745E-03
1935.0	1.967840E-02
1940.0	1.797262E-02
1945.0	5.947177E-02
1950.0	9.154887E-02
1955.0	5.491155E-02
1960.0	1.198045E-01
1965.0	1.561585E-01
1970.0	2.669203E-01
1975.0	3.706502E-01
1980.0	4.123310E-01
1985.0	4.533841E-01
1990.0	4.672647E-01
1995.0	4.431750E-01
2000.0	2.082429E-01
2005.0	8.191186E-02
2010.0	2.170189E-01
2015.0	1.455717E-01
2020.0	2.457245E-01
2025.0	4.042492E-01
2030.0	4.635766E-01
2035.0	5.266088E-01
2040.0	4.907046E-01
2045.0	4.978810E-01
2050.0	3.715500E-01
2055.0	3.004416E-01
2060.0	3.785764E-01
2065.0	3.386120E-01
2070.0	3.594579E-01
2075.0	4.238343E-01
2080.0	4.750632E-01
2085.0	4.657261E-01
2090.0	4.875663E-01
2095.0	4.911323E-01
2100.0	4.714028E-01
2105.0	5.097398E-01
2110.0	4.905713E-01
2115.0	5.016136E-01
2120.0	4.792457E-01
2125.0	4.849224E-01
2130.0	4.911379E-01
2135.0	4.925654E-01
2140.0	4.965146E-01
2145.0	4.895271E-01
2150.0	4.630711E-01
2155.0	4.641653E-01
2160.0	4.605327E-01
2165.0	4.175577E-01
2170.0	4.486683E-01
2175.0	4.402311E-01
2180.0	4.476741E-01
2185.0	4.080207E-01
2190.0	4.327214E-01
2195.0	4.323215E-01
2200.0	3.897854E-01
2205.0	4.051824E-01
2210.0	4.342156E-01
2215.0	4.176355E-01
2220.0	4.256450E-01
2225.0	4.132530E-01
2230.0	4.150693E-01
2235.0	4.070875E-01
2240.0	4.006999E-01
2245.0	3.883190E-01
2250.0	3.945566E-01
2255.0	3.714000E-01
2260.0	3.673897E-01
2265.0	3.741217E-01
2270.0	3.562530E-01
2275.0	3.516483E-01
2280.0	3.641015E-01
2285.0	3.465382E-01
2290.0	3.473436E-01
2295.0	3.366179E-01
2300.0	3.232316E-01
2305.0	3.251812E-01
2310.0	3.509818E-01
2315.0	3.195379E-01
2320.0	2.859944E-01
2325.0	3.089733E-01
2330.0	3.123337E-01
2335.0	3.186158E-01
2340.0	2.519844E-01
2345.0	2.825506E-01
2350.0	2.283723E-01
2355.0	2.609937E-01
2360.0	2.761908E-01
2365.0	2.716639E-01
2370.0	1.694893E-01
2375.0	2.427528E-01
2380.0	2.339990E-01
2385.0	1.695504E-01
2390.0	2.041159E-01
2395.0	2.232844E-01
2400.0	2.428750E-01
2405.0	1.848863E-01
2410.0	1.860972E-01
2415.0	1.502930E-01
2420.0	1.464049E-01
2425.0	1.821979E-01
2430.0	2.484239E-01
2435.0	8.201184E-02
2440.0	2.384314E-01
2445.0	1.147388E-01
2450.0	7.511318E-02
2455.0	1.371678E-01
2460.0	1.841698E-01
2465.0	1.333574E-01
2470.0	9.239871E-02
2475.0	9.091566E-02
2480.0	4.443359E-02
2485.0	3.101619E-02
2490.0	1.941678E-02
2495.0	1.591191E-02
2500.0	3.906352E-02
2505.0	8.400589E-03
2510.0	1.225484E-02
2515.0	2.868554E-03
2520.0	2.048435E-03
2525.0	2.288111E-04
2530.0	3.514817E-06
2535.0	9.673120E-07
2540.0	2.084095E-06
2545.0	2.969923E-10
2550.0	1.558919E-12
2555.0	5.763880E-09
2560.0	1.713111E-10
2565.0	8.801623E-14
2570.0	8.415587E-18
2575.0	5.947733E-27
2580.0	2.106979E-21
2585.0	9.478158E-34
2590.0	3.019913E-30
2595.0	1.258978E-32
2600.0	2.474852E-27
2605.0	3.198934E-34
2610.0	3.275474E-33
2615.0	6.168801E-37
2620.0	3.113617E-28
2625.0	2.131697E-27
2630.0	1.556697E-44
2635.0	2.150638E-15
2640.0	6.474853E-16
2645.0	4.959703E-18
2650.0	7.879580E-19
2655.0	7.240815E-27
2660.0	1.437498E-24
2665.0	6.134919E-37
2670.0	0.000000E+00
2675.0	0.000000E+00
2680.0	0.000000E+00
2685.0	0.000000E+00
2690.0	5.653346E-29
2695.0	3.944456E-32
2700.0	0.000000E+00
2705.0	1.625962E-41
2710.0	6.242676E-35
2715.0	2.141195E-25
2720.0	3.113395E-44
2725.0	4.059989E-21
2730.0	3.384287E-18
2735.0	3.061683E-20
2740.0	1.301691E-26
2745.0	7.345239E-23
2750.0	9.308191E-28
2755.0	3.736052E-43
2760.0	0.000000E+00
2765.0	1.499764E-26
2770.0	4.695087E-23
2775.0	2.241786E-37
2780.0	2.695698E-33
2785.0	2.180410E-26
2790.0	6.829228E-16
2795.0	2.032438E-15
2800.0	9.256534E-12
2805.0	3.789708E-13
2810.0	2.260394E-09
2815.0	1.611798E-09
2820.0	1.154720E-10
2825.0	9.894743E-07
2830.0	2.192629E-05
2835.0	1.196045E-09
2840.0	1.102508E-06
2845.0	2.281445E-04
2850.0	6.503180E-06
2855.0	2.523121E-06
2860.0	1.425945E-04
2865.0	9.428167E-04
2870.0	3.550532E-05
2875.0	2.203072E-03
2880.0	1.390674E-03
2885.0	2.549838E-03
2890.0	1.047574E-03
2895.0	1.498709E-02
2900.0	4.564835E-03
2905.0	6.241565E-04
2910.0	1.531147E-02
2915.0	7.077513E-03
2920.0	1.628350E-02
2925.0	6.094926E-03
2930.0	3.310801E-02
2935.0	3.650679E-02
2940.0	9.153221E-03
2945.0	8.150083E-03
2950.0	2.940262E-02
2955.0	1.313911E-02
2960.0	2.585553E-02
2965.0	4.183242E-02
2970.0	1.981615E-03
2975.0	4.804566E-03
2980.0	7.525204E-03
2985.0	3.915628E-02
2990.0	5.780543E-02
2995.0	2.404310E-02
3000.0	4.412587E-02
3005.0	1.625295E-02
3010.0	3.850363E-02
3015.0	3.123393E-02
3020.0	3.562808E-03
3025.0	4.218513E-02
3030.0	3.415503E-02
3035.0	1.404727E-02
3040.0	1.137945E-02
3045.0	2.366151E-02
3050.0	5.802206E-03
3055.0	1.627184E-03
3060.0	3.541589E-02
3065.0	1.636238E-02
3070.0	9.830867E-03
3075.0	3.384231E-02
3080.0	2.035493E-02
3085.0	9.929181E-03
3090.0	1.337518E-02
3095.0	3.680729E-03
3100.0	2.472464E-02
3105.0	5.176938E-03
3110.0	4.750410E-03
3115.0	1.273752E-02
3120.0	5.515261E-02
3125.0	1.701058E-02
3130.0	3.235260E-02
3135.0	6.427084E-02
3140.0	1.866471E-02
3145.0	1.825701E-02
3150.0	3.746883E-02
3155.0	3.164107E-02
3160.0	5.181993E-02
3165.0	7.866804E-02
3170.0	7.023635E-02
3175.0	5.179660E-02
3180.0	5.959953E-02
3185.0	4.534896E-02
3190.0	2.378260E-02
3195.0	1.510651E-02
3200.0	2.459522E-03
3205.0	1.737440E-03
3210.0	7.647402E-04
3215.0	2.790402E-03
3220.0	9.023246E-03
3225.0	1.114561E-03
3230.0	1.910962E-03
3235.0	4.089483E-02
3240.0	2.100481E-02
3245.0	4.115645E-03
3250.0	1.461272E-02
3255.0	5.570584E-02
3260.0	6.865332E-03
3265.0	1.371178E-02
3270.0	6.827562E-03
3275.0	3.319244E-02
3280.0	1.604688E-02
3285.0	6.233788E-02
3290.0	4.905158E-02
3295.0	6.852557E-03
3300.0	9.966952E-03
3305.0	2.207682E-02
3310.0	2.197628E-02
3315.0	9.036577E-05
3320.0	3.360236E-04
3325.0	1.971061E-02
3330.0	2.611381E-02
3335.0	5.080679E-02
3340.0	1.938679E-02
3345.0	1.984170E-02
3350.0	4.499014E-02
3355.0	2.035271E-02
3360.0	2.937873E-02
3365.0	4.032050E-02
3370.0	2.209015E-02
3375.0	4.742856E-02
3380.0	2.867443E-02
3385.0	4.201961E-02
3390.0	5.529592E-02
3395.0	5.357070E-02
3400.0	7.019747E-02
3405.0	2.502902E-02
3410.0	3.974061E-02
3415.0	4.084928E-02
3420.0	7.390230E-02
3425.0	5.616686E-02
3430.0	4.877385E-02
3435.0	6.483740E-02
3440.0	4.509179E-02
3445.0	6.350988E-02
3450.0	6.258228E-02
3455.0	4.662316E-02
3460.0	7.030300E-02
3465.0	5.507985E-02
3470.0	6.879774E-02
3475.0	6.138251E-02
3480.0	6.295998E-02
3485.0	6.783126E-02
3490.0	5.843309E-02
3495.0	6.878108E-02
3500.0	6.683145E-02
3505.0	6.622602E-02
3510.0	6.708141E-02
3515.0	6.442081E-02
3520.0	6.790902E-02
3525.0	6.400423E-02
3530.0	6.230456E-02
3535.0	5.293693E-02
3540.0	5.055184E-02
3545.0	5.340851E-02
3550.0	5.896632E-02
3555.0	5.068182E-02
3560.0	6.038826E-02
3565.0	6.069931E-02
3570.0	4.663038E-02
3575.0	4.833949E-02
3580.0	5.696115E-02
3585.0	5.125782E-02
3590.0	5.284806E-02
3595.0	5.406116E-02
3600.0	5.736663E-02
3605.0	5.790541E-02
3610.0	5.298137E-02
3615.0	5.294415E-02
3620.0	6.490961E-02
3625.0	5.722221E-02
3630.0	5.563363E-02
3635.0	5.755548E-02
3640.0	6.414864E-02
3645.0	5.922738E-02
3650.0	5.656123E-02
3655.0	6.133252E-02
3660.0	6.097704E-02
3665.0	5.728331E-02
3670.0	4.413809E-02
3675.0	2.697753E-02
3680.0	4.654040E-02
3685.0	5.271531E-02
3690.0	5.413281E-02
3695.0	5.658900E-02
3700.0	6.074930E-02
3705.0	6.013831E-02
3710.0	5.228428E-02
3715.0	5.150721E-02
3720.0	5.792763E-02
3725.0	5.971617E-02
3730.0	5.175050E-02
3735.0	4.791291E-02
3740.0	4.939207E-02
3745.0	5.765546E-02
3750.0	5.184603E-02
3755.0	5.017691E-02
3760.0	4.945761E-02
3765.0	4.770795E-02
3770.0	5.090622E-02
3775.0	5.050018E-02
3780.0	5.341073E-02
3785.0	4.915600E-02
3790.0	4.326437E-02
3795.0	4.946594E-02
3800.0	5.498265E-02
3805.0	5.188658E-02
3810.0	4.597495E-02
3815.0	4.325104E-02
3820.0	5.382732E-02
3825.0	5.299081E-02
3830.0	5.347183E-02
3835.0	4.287500E-02
3840.0	5.002694E-02
3845.0	4.893327E-02
3850.0	4.919544E-02
3855.0	4.741578E-02
3860.0	4.454523E-02
3865.0	4.512901E-02
3870.0	4.101370E-02
3875.0	3.767712E-02
3880.0	3.640570E-02
3885.0	3.772933E-02
3890.0	3.834144E-02
3895.0	4.164913E-02
3900.0	4.415086E-02
3905.0	4.415808E-02
3910.0	3.974783E-02
3915.0	3.892021E-02
3920.0	3.869526E-02
3925.0	3.816703E-02
3930.0	3.926959E-02
3935.0	4.096037E-02
3940.0	4.122976E-02
3945.0	4.199906E-02
3950.0	4.247785E-02
3955.0	4.299109E-02
3960.0	4.314661E-02
3965.0	4.346544E-02
3970.0	4.276780E-02
3975.0	4.181410E-02
3980.0	4.113034E-02
3985.0	4.138251E-02
3990.0	4.104424E-02
3995.0	4.013831E-02
4000.0	5.932097E-02


