280.0	3.548175E-23
280.5	6.153500E-22
281.0	2.844750E-21
281.5	7.831000E-20
282.0	5.973000E-19
282.5	2.271800E-18
283.0	9.226000E-18
283.5	1.768000E-17
284.0	3.633500E-16
284.5	1.242800E-15
285.0	4.007100E-15
285.5	2.130650E-14
286.0	6.842000E-14
286.5	4.191150E-13
287.0	1.368350E-12
287.5	5.451500E-12
288.0	3.116850E-11
288.5	8.581000E-11
289.0	2.813250E-10
289.5	1.037450E-09
290.0	3.008400E-09
290.5	6.891500E-09
291.0	1.752600E-08
291.5	5.456500E-08
292.0	1.341500E-07
292.5	2.134250E-07
293.0	4.323300E-07
293.5	1.135350E-06
294.0	2.087200E-06
294.5	3.295550E-06
295.0	6.145000E-06
295.5	1.391300E-05
296.0	2.395200E-05
296.5	3.567250E-05
297.0	4.840000E-05
297.5	9.304000E-05
298.0	1.449400E-04
298.5	1.789450E-04
299.0	2.460550E-04
299.5	4.303400E-04
300.0	5.102500E-04
300.5	6.225000E-04
301.0	9.650000E-04
301.5	1.345700E-03
302.0	1.460450E-03
302.5	2.142000E-03
303.0	3.547250E-03
303.5	4.489750E-03
304.0	4.735050E-03
304.5	5.976500E-03
305.0	8.231500E-03
305.5	9.359500E-03
306.0	9.288500E-03
306.5	1.055400E-02
307.0	1.392450E-02
307.5	1.781750E-02
308.0	1.891850E-02
308.5	2.071500E-02
309.0	2.026700E-02
309.5	2.165300E-02
310.0	2.546950E-02
310.5	3.277000E-02
311.0	4.146100E-02
311.5	4.204000E-02
312.0	4.668800E-02
312.5	4.949200E-02
313.0	5.366500E-02
313.5	5.378500E-02
314.0	5.984500E-02
314.5	6.530000E-02
315.0	6.812500E-02
315.5	5.919000E-02
316.0	6.174000E-02
316.5	7.518000E-02
317.0	8.579000E-02
317.5	9.122500E-02
318.0	8.797000E-02
318.5	9.295500E-02
319.0	1.023500E-01
319.5	9.794500E-02
320.0	1.026350E-01
320.5	1.226250E-01
321.0	1.251200E-01
321.5	1.192150E-01
322.0	1.110150E-01
322.5	1.085450E-01
323.0	1.061300E-01
323.5	1.243050E-01
324.0	1.376850E-01
324.5	1.416050E-01
325.0	1.394700E-01
325.5	1.621800E-01
326.0	1.906000E-01
326.5	2.036100E-01
327.0	1.990300E-01
327.5	1.923250E-01
328.0	1.755800E-01
328.5	1.858200E-01
329.0	2.111750E-01
329.5	2.343900E-01
330.0	2.356950E-01
330.5	2.140000E-01
331.0	2.013100E-01
331.5	2.090300E-01
332.0	2.181150E-01
332.5	2.195950E-01
333.0	2.147200E-01
333.5	2.036200E-01
334.0	2.074850E-01
334.5	2.225450E-01
335.0	2.319400E-01
335.5	2.265650E-01
336.0	2.075950E-01
336.5	1.910700E-01
337.0	1.869000E-01
337.5	2.002550E-01
338.0	2.170550E-01
338.5	2.276350E-01
339.0	2.317750E-01
339.5	2.372300E-01
340.0	2.509000E-01
340.5	2.503550E-01
341.0	2.356950E-01
341.5	2.346750E-01
342.0	2.446700E-01
342.5	2.538350E-01
343.0	2.574450E-01
343.5	2.430450E-01
344.0	2.092150E-01
344.5	2.015350E-01
345.0	2.294900E-01
345.5	2.446600E-01
346.0	2.388900E-01
346.5	2.432850E-01
347.0	2.470200E-01
347.5	2.383700E-01
348.0	2.375550E-01
348.5	2.416800E-01
349.0	2.328200E-01
349.5	2.390250E-01
350.0	2.639900E-01
350.5	2.837050E-01
351.0	2.758600E-01
351.5	2.651100E-01
352.0	2.589550E-01
352.5	2.448100E-01
353.0	2.602000E-01
353.5	2.861400E-01
354.0	3.024900E-01
354.5	3.057800E-01
355.0	3.057000E-01
355.5	2.951400E-01
356.0	2.769350E-01
356.5	2.597100E-01
357.0	2.283650E-01
357.5	2.310750E-01
358.0	2.150300E-01
358.5	1.996300E-01
359.0	2.347650E-01
359.5	2.827450E-01
360.0	2.990850E-01
360.5	2.826550E-01
361.0	2.601200E-01
361.5	2.547800E-01
362.0	2.671000E-01
362.5	2.925500E-01
363.0	3.009550E-01
363.5	2.927050E-01
364.0	3.031400E-01
364.5	3.002900E-01
365.0	3.117950E-01
365.5	3.431400E-01
366.0	3.676600E-01
366.5	3.682900E-01
367.0	3.614250E-01
367.5	3.545700E-01
368.0	3.337950E-01
368.5	3.315500E-01
369.0	3.465750E-01
369.5	3.723450E-01
370.0	3.775350E-01
370.5	3.413050E-01
371.0	3.466900E-01
371.5	3.602550E-01
372.0	3.372200E-01
372.5	3.212650E-01
373.0	3.094300E-01
373.5	2.789300E-01
374.0	2.782000E-01
374.5	2.761350E-01
375.0	2.946500E-01
375.5	3.258100E-01
376.0	3.374000E-01
376.5	3.319500E-01
377.0	3.561250E-01
377.5	3.972750E-01
378.0	4.279750E-01
378.5	4.170900E-01
379.0	3.719450E-01
379.5	3.334150E-01
380.0	3.503850E-01
380.5	3.753750E-01
381.0	3.819150E-01
381.5	3.441850E-01
382.0	2.933900E-01
382.5	2.538100E-01
383.0	2.274950E-01
383.5	2.202450E-01
384.0	2.548400E-01
384.5	3.067950E-01
385.0	3.367750E-01
385.5	3.218150E-01
386.0	3.105000E-01
386.5	3.228500E-01
387.0	3.257350E-01
387.5	3.210200E-01
388.0	3.179100E-01
388.5	3.156800E-01
389.0	3.427150E-01
389.5	3.798500E-01
390.0	3.984950E-01
390.5	4.018550E-01
391.0	4.256900E-01
391.5	4.317200E-01
392.0	3.974650E-01
392.5	3.312850E-01
393.0	2.398750E-01
393.5	1.907600E-01
394.0	2.478350E-01
394.5	3.419250E-01
395.0	4.038600E-01
395.5	4.301900E-01
396.0	3.782750E-01
396.5	2.750850E-01
397.0	2.130950E-01
397.5	3.147250E-01
398.0	4.262450E-01
398.5	5.034500E-01
399.0	5.346500E-01
399.5	5.510500E-01
400.0	8.355750E-01
401.0	1.160300E+00
402.0	1.206100E+00
403.0	1.161300E+00
404.0	1.180100E+00
405.0	1.151100E+00
406.0	1.122700E+00
407.0	1.102600E+00
408.0	1.151400E+00
409.0	1.229900E+00
410.0	1.048500E+00
411.0	1.173800E+00
412.0	1.247800E+00
413.0	1.197100E+00
414.0	1.184200E+00
415.0	1.225800E+00
416.0	1.262400E+00
417.0	1.231200E+00
418.0	1.177700E+00
419.0	1.225800E+00
420.0	1.123200E+00
421.0	1.275700E+00
422.0	1.258300E+00
423.0	1.218400E+00
424.0	1.211700E+00
425.0	1.248800E+00
426.0	1.213500E+00
427.0	1.172400E+00
428.0	1.183900E+00
429.0	1.096300E+00
430.0	8.746200E-01
431.0	7.939400E-01
432.0	1.320700E+00
433.0	1.228800E+00
434.0	1.135200E+00
435.0	1.245200E+00
436.0	1.365900E+00
437.0	1.394300E+00
438.0	1.223800E+00
439.0	1.177500E+00
440.0	1.349900E+00
441.0	1.331300E+00
442.0	1.425000E+00
443.0	1.445300E+00
444.0	1.408400E+00
445.0	1.461900E+00
446.0	1.310800E+00
447.0	1.490300E+00
448.0	1.508100E+00
449.0	1.504500E+00
450.0	1.559500E+00
451.0	1.617300E+00
452.0	1.548200E+00
453.0	1.429700E+00
454.0	1.533500E+00
455.0	1.522400E+00
456.0	1.572400E+00
457.0	1.585400E+00
458.0	1.551400E+00
459.0	1.539100E+00
460.0	1.529100E+00
461.0	1.582700E+00
462.0	1.597500E+00
463.0	1.603100E+00
464.0	1.554400E+00
465.0	1.535000E+00
466.0	1.567300E+00
467.0	1.497300E+00
468.0	1.561900E+00
469.0	1.568200E+00
470.0	1.507700E+00
471.0	1.533100E+00
472.0	1.612600E+00
473.0	1.549900E+00
474.0	1.567100E+00
475.0	1.618500E+00
476.0	1.563100E+00
477.0	1.572400E+00
478.0	1.623000E+00
479.0	1.591600E+00
480.0	1.618100E+00
481.0	1.617700E+00
482.0	1.623600E+00
483.0	1.603800E+00
484.0	1.573400E+00
485.0	1.568300E+00
486.0	1.271600E+00
487.0	1.424100E+00
488.0	1.541300E+00
489.0	1.451900E+00
490.0	1.622400E+00
491.0	1.559500E+00
492.0	1.486900E+00
493.0	1.590300E+00
494.0	1.552500E+00
495.0	1.648500E+00
496.0	1.567600E+00
497.0	1.594400E+00
498.0	1.550900E+00
499.0	1.550700E+00
500.0	1.545100E+00
501.0	1.497800E+00
502.0	1.496600E+00
503.0	1.565300E+00
504.0	1.458700E+00
505.0	1.563500E+00
506.0	1.626400E+00
507.0	1.556000E+00
508.0	1.516500E+00
509.0	1.589300E+00
510.0	1.548100E+00
511.0	1.576900E+00
512.0	1.618600E+00
513.0	1.520600E+00
514.0	1.488500E+00
515.0	1.531400E+00
516.0	1.545500E+00
517.0	1.259400E+00
518.0	1.440300E+00
519.0	1.395700E+00
520.0	1.523600E+00
521.0	1.534600E+00
522.0	1.569000E+00
523.0	1.478900E+00
524.0	1.590500E+00
525.0	1.578100E+00
526.0	1.534100E+00
527.0	1.341700E+00
528.0	1.535700E+00
529.0	1.607100E+00
530.0	1.544600E+00
531.0	1.629200E+00
532.0	1.599800E+00
533.0	1.428600E+00
534.0	1.530200E+00
535.0	1.553500E+00
536.0	1.619900E+00
537.0	1.498900E+00
538.0	1.573800E+00
539.0	1.535200E+00
540.0	1.482500E+00
541.0	1.425100E+00
542.0	1.551100E+00
543.0	1.525600E+00
544.0	1.579200E+00
545.0	1.543500E+00
546.0	1.529100E+00
547.0	1.549000E+00
548.0	1.504900E+00
549.0	1.552000E+00
550.0	1.539900E+00
551.0	1.538200E+00
552.0	1.569700E+00
553.0	1.525000E+00
554.0	1.554900E+00
555.0	1.563400E+00
556.0	1.536600E+00
557.0	1.498800E+00
558.0	1.531000E+00
559.0	1.448300E+00
560.0	1.474000E+00
561.0	1.559500E+00
562.0	1.484700E+00
563.0	1.540800E+00
564.0	1.510600E+00
565.0	1.520100E+00
566.0	1.437400E+00
567.0	1.532000E+00
568.0	1.518000E+00
569.0	1.480700E+00
570.0	1.481600E+00
571.0	1.433100E+00
572.0	1.513400E+00
573.0	1.519800E+00
574.0	1.511900E+00
575.0	1.477700E+00
576.0	1.465400E+00
577.0	1.502300E+00
578.0	1.456000E+00
579.0	1.477000E+00
580.0	1.502000E+00
581.0	1.508900E+00
582.0	1.532000E+00
583.0	1.547900E+00
584.0	1.544800E+00
585.0	1.532400E+00
586.0	1.495300E+00
587.0	1.528100E+00
588.0	1.493400E+00
589.0	1.289400E+00
590.0	1.370900E+00
591.0	1.466200E+00
592.0	1.435400E+00
593.0	1.456100E+00
594.0	1.449100E+00
595.0	1.430800E+00
596.0	1.474500E+00
597.0	1.478800E+00
598.0	1.460700E+00
599.0	1.460600E+00
600.0	1.475300E+00
601.0	1.457900E+00
602.0	1.436000E+00
603.0	1.466400E+00
604.0	1.492100E+00
605.0	1.489500E+00
606.0	1.482200E+00
607.0	1.491100E+00
608.0	1.486200E+00
609.0	1.474900E+00
610.0	1.468600E+00
611.0	1.461100E+00
612.0	1.483100E+00
613.0	1.462100E+00
614.0	1.417600E+00
615.0	1.469700E+00
616.0	1.431000E+00
617.0	1.412800E+00
618.0	1.466400E+00
619.0	1.473300E+00
620.0	1.473900E+00
621.0	1.480200E+00
622.0	1.426900E+00
623.0	1.416500E+00
624.0	1.411800E+00
625.0	1.402600E+00
626.0	1.401200E+00
627.0	1.441700E+00
628.0	1.363100E+00
629.0	1.411400E+00
630.0	1.392400E+00
631.0	1.416100E+00
632.0	1.363800E+00
633.0	1.450800E+00
634.0	1.428400E+00
635.0	1.445800E+00
636.0	1.412800E+00
637.0	1.461000E+00
638.0	1.470700E+00
639.0	1.464600E+00
640.0	1.434000E+00
641.0	1.434800E+00
642.0	1.437600E+00
643.0	1.452500E+00
644.0	1.446200E+00
645.0	1.456700E+00
646.0	1.415000E+00
647.0	1.408600E+00
648.0	1.395200E+00
649.0	1.351900E+00
650.0	1.359400E+00
651.0	1.444700E+00
652.0	1.387100E+00
653.0	1.431100E+00
654.0	1.415300E+00
655.0	1.349900E+00
656.0	1.185100E+00
657.0	1.239300E+00
658.0	1.385500E+00
659.0	1.390500E+00
660.0	1.399200E+00
661.0	1.393300E+00
662.0	1.381900E+00
663.0	1.384400E+00
664.0	1.396700E+00
665.0	1.421400E+00
666.0	1.420300E+00
667.0	1.410200E+00
668.0	1.415000E+00
669.0	1.439400E+00
670.0	1.419600E+00
671.0	1.416900E+00
672.0	1.397200E+00
673.0	1.409400E+00
674.0	1.407400E+00
675.0	1.395800E+00
676.0	1.412000E+00
677.0	1.399100E+00
678.0	1.406600E+00
679.0	1.394700E+00
680.0	1.396900E+00
681.0	1.391500E+00
682.0	1.398100E+00
683.0	1.383000E+00
684.0	1.373900E+00
685.0	1.374800E+00
686.0	1.343800E+00
687.0	9.682400E-01
688.0	1.120600E+00
689.0	1.127800E+00
690.0	1.182100E+00
691.0	1.233300E+00
692.0	1.268900E+00
693.0	1.260900E+00
694.0	1.246400E+00
695.0	1.271400E+00
696.0	1.268400E+00
697.0	1.340300E+00
698.0	1.319200E+00
699.0	1.291800E+00
700.0	1.282300E+00
701.0	1.265900E+00
702.0	1.267400E+00
703.0	1.274700E+00
704.0	1.307800E+00
705.0	1.321400E+00
706.0	1.314400E+00
707.0	1.309000E+00
708.0	1.304800E+00
709.0	1.309500E+00
710.0	1.317500E+00
711.0	1.315500E+00
712.0	1.307100E+00
713.0	1.291800E+00
714.0	1.302900E+00
715.0	1.258700E+00
716.0	1.271600E+00
717.0	1.107100E+00
718.0	1.029600E+00
719.0	9.231800E-01
720.0	9.855000E-01
721.0	1.086100E+00
722.0	1.240700E+00
723.0	1.144400E+00
724.0	1.055500E+00
725.0	1.038000E+00
726.0	1.081300E+00
727.0	1.085000E+00
728.0	1.040000E+00
729.0	1.046600E+00
730.0	1.128500E+00
731.0	1.070300E+00
732.0	1.153400E+00
733.0	1.196200E+00
734.0	1.235700E+00
735.0	1.217800E+00
736.0	1.205900E+00
737.0	1.203900E+00
738.0	1.226900E+00
739.0	1.190500E+00
740.0	1.219500E+00
741.0	1.214800E+00
742.0	1.215300E+00
743.0	1.240500E+00
744.0	1.250300E+00
745.0	1.249700E+00
746.0	1.247000E+00
747.0	1.247700E+00
748.0	1.240100E+00
749.0	1.235700E+00
750.0	1.234100E+00
751.0	1.228600E+00
752.0	1.233000E+00
753.0	1.226600E+00
754.0	1.242000E+00
755.0	1.238300E+00
756.0	1.223200E+00
757.0	1.222100E+00
758.0	1.229500E+00
759.0	1.194500E+00
760.0	2.660400E-01
761.0	1.539600E-01
762.0	6.876600E-01
763.0	3.795200E-01
764.0	5.387800E-01
765.0	6.860100E-01
766.0	8.146100E-01
767.0	9.741700E-01
768.0	1.113800E+00
769.0	1.127800E+00
770.0	1.160800E+00
771.0	1.168600E+00
772.0	1.177800E+00
773.0	1.177100E+00
774.0	1.177100E+00
775.0	1.177100E+00
776.0	1.179800E+00
777.0	1.172700E+00
778.0	1.171300E+00
779.0	1.176500E+00
780.0	1.163600E+00
781.0	1.160700E+00
782.0	1.166200E+00
783.0	1.161400E+00
784.0	1.153600E+00
785.0	1.158600E+00
786.0	1.159200E+00
787.0	1.145000E+00
788.0	1.130500E+00
789.0	1.125700E+00
790.0	1.091000E+00
791.0	1.105800E+00
792.0	1.095300E+00
793.0	1.087500E+00
794.0	1.097200E+00
795.0	1.093200E+00
796.0	1.074200E+00
797.0	1.091300E+00
798.0	1.112100E+00
799.0	1.090500E+00
800.0	1.072500E+00
801.0	1.084300E+00
802.0	1.085600E+00
803.0	1.065700E+00
804.0	1.078200E+00
805.0	1.054500E+00
806.0	1.097400E+00
807.0	1.085900E+00
808.0	1.082100E+00
809.0	1.054800E+00
810.0	1.055900E+00
811.0	1.053300E+00
812.0	1.026800E+00
813.0	1.008600E+00
814.0	9.035600E-01
815.0	8.952300E-01
816.0	8.321600E-01
817.0	8.518300E-01
818.0	8.225900E-01
819.0	9.051900E-01
820.0	8.618800E-01
821.0	9.976400E-01
822.0	9.515700E-01
823.0	6.727100E-01
824.0	9.350600E-01
825.0	9.693500E-01
826.0	9.338100E-01
827.0	9.846500E-01
828.0	8.497900E-01
829.0	9.293000E-01
830.0	9.160100E-01
831.0	9.239200E-01
832.0	8.942600E-01
833.0	9.565000E-01
834.0	9.341200E-01
835.0	1.003200E+00
836.0	9.723400E-01
837.0	1.009200E+00
838.0	9.990100E-01
839.0	1.001300E+00
840.0	1.015700E+00
841.0	1.010100E+00
842.0	9.970300E-01
843.0	1.005300E+00
844.0	9.863100E-01
845.0	1.016500E+00
846.0	1.018700E+00
847.0	9.917000E-01
848.0	9.921700E-01
849.0	9.859600E-01
850.0	8.937200E-01
851.0	9.749300E-01
852.0	9.692700E-01
853.0	9.648600E-01
854.0	8.511200E-01
855.0	9.130000E-01
856.0	9.731700E-01
857.0	9.916600E-01
858.0	9.919600E-01
859.0	9.917100E-01
860.0	9.881600E-01
861.0	9.867900E-01
862.0	9.944900E-01
863.0	1.000500E+00
864.0	9.791600E-01
865.0	9.632400E-01
866.0	8.490000E-01
867.0	9.154600E-01
868.0	9.592000E-01
869.0	9.495600E-01
870.0	9.675500E-01
871.0	9.538700E-01
872.0	9.668600E-01
873.0	9.572100E-01
874.0	9.404200E-01
875.0	9.268700E-01
876.0	9.527700E-01
877.0	9.561500E-01
878.0	9.523700E-01
879.0	9.365600E-01
880.0	9.395700E-01
881.0	9.086100E-01
882.0	9.324500E-01
883.0	9.292700E-01
884.0	9.330500E-01
885.0	9.442300E-01
886.0	9.075200E-01
887.0	9.106200E-01
888.0	9.222800E-01
889.0	9.345500E-01
890.0	9.239300E-01
891.0	9.258400E-01
892.0	9.088100E-01
893.0	8.732700E-01
894.0	8.513000E-01
895.0	8.135700E-01
896.0	7.625300E-01
897.0	6.656600E-01
898.0	7.178000E-01
899.0	5.487100E-01
900.0	7.426000E-01
901.0	5.993300E-01
902.0	6.679100E-01
903.0	6.888900E-01
904.0	8.445700E-01
905.0	8.170900E-01
906.0	7.755800E-01
907.0	6.385400E-01
908.0	6.521700E-01
909.0	7.043100E-01
910.0	6.246700E-01
911.0	6.680800E-01
912.0	6.889300E-01
913.0	6.283400E-01
914.0	6.264900E-01
915.0	6.783600E-01
916.0	5.764600E-01
917.0	7.301700E-01
918.0	5.927100E-01
919.0	7.387700E-01
920.0	7.441400E-01
921.0	7.804900E-01
922.0	7.002600E-01
923.0	7.450400E-01
924.0	7.215000E-01
925.0	7.111000E-01
926.0	7.033100E-01
927.0	7.874200E-01
928.0	5.896800E-01
929.0	5.512700E-01
930.0	4.321000E-01
931.0	4.092100E-01
932.0	3.008600E-01
933.0	2.484100E-01
934.0	1.438000E-01
935.0	2.508400E-01
936.0	1.614200E-01
937.0	1.633800E-01
938.0	2.005800E-01
939.0	3.988700E-01
940.0	4.718100E-01
941.0	3.719500E-01
942.0	4.053200E-01
943.0	2.783400E-01
944.0	2.857900E-01
945.0	3.682100E-01
946.0	1.946100E-01
947.0	3.711200E-01
948.0	2.742300E-01
949.0	4.939600E-01
950.0	1.472600E-01
951.0	4.837800E-01
952.0	2.689100E-01
953.0	3.436200E-01
954.0	4.241100E-01
955.0	3.411700E-01
956.0	3.282100E-01
957.0	2.706700E-01
958.0	4.610100E-01
959.0	3.738500E-01
960.0	4.206600E-01
961.0	4.612000E-01
962.0	4.417400E-01
963.0	5.050300E-01
964.0	4.586000E-01
965.0	5.037400E-01
966.0	5.027500E-01
967.0	5.024000E-01
968.0	6.521000E-01
969.0	6.862200E-01
970.0	6.346100E-01
971.0	7.139700E-01
972.0	6.876500E-01
973.0	6.064800E-01
974.0	5.752900E-01
975.0	5.898700E-01
976.0	5.719100E-01
977.0	6.386400E-01
978.0	6.150900E-01
979.0	6.381500E-01
980.0	6.046800E-01
981.0	7.133800E-01
982.0	6.921800E-01
983.0	6.686500E-01
984.0	7.373200E-01
985.0	6.881700E-01
986.0	7.508300E-01
987.0	7.392800E-01
988.0	7.346200E-01
989.0	7.490600E-01
990.0	7.322700E-01
991.0	7.535800E-01
992.0	7.510200E-01
993.0	7.372800E-01
994.0	7.541000E-01
995.0	7.517600E-01
996.0	7.488400E-01
997.0	7.397100E-01
998.0	7.388700E-01
999.0	7.385700E-01
1000.0	7.353200E-01
1001.0	7.444200E-01
1002.0	7.280500E-01
1003.0	7.344200E-01
1004.0	7.233600E-01
1005.0	6.817400E-01
1006.0	7.125200E-01
1007.0	7.275300E-01
1008.0	7.268500E-01
1009.0	7.197200E-01
1010.0	7.191400E-01
1011.0	7.227800E-01
1012.0	7.187700E-01
1013.0	7.176100E-01
1014.0	7.206800E-01
1015.0	7.081700E-01
1016.0	7.112900E-01
1017.0	7.033700E-01
1018.0	7.142200E-01
1019.0	6.887800E-01
1020.0	6.989600E-01
1021.0	7.017500E-01
1022.0	6.897000E-01
1023.0	6.950800E-01
1024.0	6.905800E-01
1025.0	6.975300E-01
1026.0	6.963600E-01
1027.0	6.930500E-01
1028.0	6.938500E-01
1029.0	6.862800E-01
1030.0	6.905500E-01
1031.0	6.873600E-01
1032.0	6.878700E-01
1033.0	6.761300E-01
1034.0	6.801500E-01
1035.0	6.823400E-01
1036.0	6.820200E-01
1037.0	6.749700E-01
1038.0	6.717200E-01
1039.0	6.763600E-01
1040.0	6.717000E-01
1041.0	6.717600E-01
1042.0	6.720000E-01
1043.0	6.652500E-01
1044.0	6.683300E-01
1045.0	6.645200E-01
1046.0	6.471400E-01
1047.0	6.569400E-01
1048.0	6.627400E-01
1049.0	6.589600E-01
1050.0	6.546300E-01
1051.0	6.552100E-01
1052.0	6.511800E-01
1053.0	6.491900E-01
1054.0	6.464600E-01
1055.0	6.484700E-01
1056.0	6.464100E-01
1057.0	6.448200E-01
1058.0	6.381800E-01
1059.0	6.187500E-01
1060.0	6.358500E-01
1061.0	6.212100E-01
1062.0	6.326600E-01
1063.0	6.223900E-01
1064.0	6.319600E-01
1065.0	6.291300E-01
1066.0	6.171300E-01
1067.0	6.203200E-01
1068.0	6.194400E-01
1069.0	5.862600E-01
1070.0	6.046900E-01
1071.0	6.166100E-01
1072.0	6.153600E-01
1073.0	6.036300E-01
1074.0	6.215800E-01
1075.0	5.925200E-01
1076.0	6.147100E-01
1077.0	6.043400E-01
1078.0	6.032100E-01
1079.0	6.047400E-01
1080.0	5.972200E-01
1081.0	5.808300E-01
1082.0	5.894000E-01
1083.0	5.981400E-01
1084.0	5.785200E-01
1085.0	5.933000E-01
1086.0	5.541000E-01
1087.0	5.669700E-01
1088.0	5.931700E-01
1089.0	5.791900E-01
1090.0	5.557300E-01
1091.0	5.883500E-01
1092.0	5.812400E-01
1093.0	5.105800E-01
1094.0	5.396500E-01
1095.0	5.206700E-01
1096.0	5.032300E-01
1097.0	5.785200E-01
1098.0	5.029100E-01
1099.0	5.077200E-01
1100.0	4.857700E-01
1101.0	4.969600E-01
1102.0	4.688300E-01
1103.0	4.663700E-01
1104.0	4.676500E-01
1105.0	5.064400E-01
1106.0	3.979200E-01
1107.0	4.830400E-01
1108.0	4.156500E-01
1109.0	4.127800E-01
1110.0	4.789900E-01
1111.0	3.315400E-01
1112.0	4.135700E-01
1113.0	2.685000E-01
1114.0	2.998500E-01
1115.0	2.498700E-01
1116.0	2.013600E-01
1117.0	7.961800E-02
1118.0	2.175300E-01
1119.0	1.131700E-01
1120.0	1.418900E-01
1121.0	1.858600E-01
1122.0	8.168600E-02
1123.0	1.281700E-01
1124.0	1.087000E-01
1125.0	1.442800E-01
1126.0	5.158900E-02
1127.0	1.572500E-01
1128.0	9.922400E-02
1129.0	1.059100E-01
1130.0	7.057400E-02
1131.0	2.956000E-01
1132.0	2.341100E-01
1133.0	1.533100E-01
1134.0	4.174000E-02
1135.0	1.546200E-02
1136.0	1.287600E-01
1137.0	2.878500E-01
1138.0	2.032900E-01
1139.0	2.985000E-01
1140.0	2.559900E-01
1141.0	1.933700E-01
1142.0	2.247900E-01
1143.0	3.118300E-01
1144.0	1.132600E-01
1145.0	1.460400E-01
1146.0	1.576400E-01
1147.0	5.917600E-02
1148.0	2.711300E-01
1149.0	2.185400E-01
1150.0	1.216400E-01
1151.0	2.034000E-01
1152.0	2.476200E-01
1153.0	2.381200E-01
1154.0	1.424800E-01
1155.0	3.131600E-01
1156.0	2.809000E-01
1157.0	3.145800E-01
1158.0	3.117100E-01
1159.0	3.369300E-01
1160.0	2.864800E-01
1161.0	3.475300E-01
1162.0	3.500200E-01
1163.0	4.685700E-01
1164.0	4.018800E-01
1165.0	3.886000E-01
1166.0	3.749400E-01
1167.0	4.099600E-01
1168.0	4.195400E-01
1169.0	4.231000E-01
1170.0	4.587300E-01
1171.0	4.483100E-01
1172.0	4.548300E-01
1173.0	4.564200E-01
1174.0	3.369200E-01
1175.0	4.524000E-01
1176.0	4.767900E-01
1177.0	4.723500E-01
1178.0	3.600000E-01
1179.0	4.837100E-01
1180.0	4.406900E-01
1181.0	4.551400E-01
1182.0	3.231800E-01
1183.0	4.387000E-01
1184.0	4.198500E-01
1185.0	4.074100E-01
1186.0	4.771500E-01
1187.0	4.557500E-01
1188.0	3.350400E-01
1189.0	4.156900E-01
1190.0	4.623900E-01
1191.0	4.466000E-01
1192.0	4.733600E-01
1193.0	4.543400E-01
1194.0	4.689000E-01
1195.0	4.469600E-01
1196.0	4.313100E-01
1197.0	4.771500E-01
1198.0	4.339200E-01
1199.0	3.648900E-01
1200.0	4.482500E-01
1201.0	4.370800E-01
1202.0	4.371700E-01
1203.0	4.340900E-01
1204.0	3.624700E-01
1205.0	4.369200E-01
1206.0	4.808600E-01
1207.0	4.298600E-01
1208.0	4.334600E-01
1209.0	4.142800E-01
1210.0	4.533600E-01
1211.0	4.223200E-01
1212.0	4.248900E-01
1213.0	4.695600E-01
1214.0	4.340700E-01
1215.0	4.278000E-01
1216.0	4.664000E-01
1217.0	4.552800E-01
1218.0	4.593400E-01
1219.0	4.466300E-01
1220.0	4.580500E-01
1221.0	4.653100E-01
1222.0	4.513900E-01
1223.0	4.440600E-01
1224.0	4.480800E-01
1225.0	4.623600E-01
1226.0	4.681900E-01
1227.0	4.330400E-01
1228.0	4.665800E-01
1229.0	4.672100E-01
1230.0	4.600300E-01
1231.0	4.720300E-01
1232.0	4.663300E-01
1233.0	4.539700E-01
1234.0	4.701600E-01
1235.0	4.650400E-01
1236.0	4.690800E-01
1237.0	4.633900E-01
1238.0	4.679700E-01
1239.0	4.627200E-01
1240.0	4.607700E-01
1241.0	4.619700E-01
1242.0	4.624700E-01
1243.0	4.575400E-01
1244.0	4.552800E-01
1245.0	4.565500E-01
1246.0	4.594500E-01
1247.0	4.574600E-01
1248.0	4.586000E-01
1249.0	4.596600E-01
1250.0	4.570500E-01
1251.0	4.525800E-01
1252.0	4.509700E-01
1253.0	4.477300E-01
1254.0	4.436300E-01
1255.0	4.507000E-01
1256.0	4.402300E-01
1257.0	4.353200E-01
1258.0	4.449600E-01
1259.0	4.272500E-01
1260.0	4.311000E-01
1261.0	4.114600E-01
1262.0	3.956700E-01
1263.0	4.001900E-01
1264.0	3.714800E-01
1265.0	3.957000E-01
1266.0	3.852700E-01
1267.0	3.882200E-01
1268.0	3.705100E-01
1269.0	2.465200E-01
1270.0	3.874400E-01
1271.0	4.082500E-01
1272.0	4.087900E-01
1273.0	4.062500E-01
1274.0	4.061400E-01
1275.0	4.123300E-01
1276.0	4.169300E-01
1277.0	4.200100E-01
1278.0	4.276300E-01
1279.0	4.245600E-01
1280.0	4.220400E-01
1281.0	4.133500E-01
1282.0	3.730500E-01
1283.0	4.073300E-01
1284.0	4.207800E-01
1285.0	4.239900E-01
1286.0	4.271400E-01
1287.0	4.221300E-01
1288.0	4.198900E-01
1289.0	4.093600E-01
1290.0	4.128500E-01
1291.0	4.178600E-01
1292.0	3.961800E-01
1293.0	4.125700E-01
1294.0	4.042100E-01
1295.0	4.051400E-01
1296.0	3.895700E-01
1297.0	3.713000E-01
1298.0	3.918300E-01
1299.0	4.085200E-01
1300.0	3.531200E-01
1301.0	3.622800E-01
1302.0	3.918100E-01
1303.0	3.462100E-01
1304.0	3.006200E-01
1305.0	3.838200E-01
1306.0	3.845300E-01
1307.0	3.059400E-01
1308.0	3.469600E-01
1309.0	3.841300E-01
1310.0	3.011400E-01
1311.0	3.336600E-01
1312.0	3.333700E-01
1313.0	3.135200E-01
1314.0	2.883300E-01
1315.0	2.858100E-01
1316.0	3.241900E-01
1317.0	3.121700E-01
1318.0	3.332800E-01
1319.0	2.685500E-01
1320.0	2.587200E-01
1321.0	2.986600E-01
1322.0	3.021700E-01
1323.0	2.327900E-01
1324.0	2.624900E-01
1325.0	3.222400E-01
1326.0	2.805100E-01
1327.0	2.662500E-01
1328.0	2.345000E-01
1329.0	1.775900E-01
1330.0	2.292300E-01
1331.0	1.448000E-01
1332.0	1.457900E-01
1333.0	2.030400E-01
1334.0	1.692500E-01
1335.0	2.311700E-01
1336.0	1.834800E-01
1337.0	1.645400E-01
1338.0	1.780400E-01
1339.0	1.768100E-01
1340.0	1.683100E-01
1341.0	1.703900E-01
1342.0	1.779800E-01
1343.0	1.271100E-01
1344.0	7.564500E-02
1345.0	1.090400E-01
1346.0	5.818600E-02
1347.0	6.011900E-02
1348.0	4.745100E-03
1349.0	1.615900E-02
1350.0	1.602500E-02
1351.0	4.629800E-03
1352.0	1.516400E-03
1353.0	9.609600E-05
1354.0	2.900900E-04
1355.0	3.603400E-06
1356.0	4.807000E-05
1357.0	7.178600E-05
1358.0	4.194800E-06
1359.0	7.343900E-07
1360.0	2.140400E-06
1361.0	4.813300E-09
1362.0	1.807600E-11
1363.0	3.156300E-06
1364.0	1.358900E-06
1365.0	9.076400E-12
1366.0	1.279100E-05
1367.0	4.976400E-06
1368.0	1.481000E-13
1369.0	5.166700E-07
1370.0	2.920000E-07
1371.0	1.973100E-08
1372.0	2.749800E-06
1373.0	4.440100E-05
1374.0	1.791700E-04
1375.0	3.233200E-04
1376.0	2.574800E-04
1377.0	1.227000E-04
1378.0	1.108900E-03
1379.0	5.216400E-05
1380.0	8.158700E-05
1381.0	2.371600E-06
1382.0	2.567200E-06
1383.0	4.401700E-08
1384.0	6.168900E-07
1385.0	2.089900E-06
1386.0	2.521500E-06
1387.0	1.989600E-04
1388.0	4.026200E-06
1389.0	5.809800E-04
1390.0	4.932800E-04
1391.0	3.438400E-04
1392.0	2.378200E-05
1393.0	1.158600E-04
1394.0	7.552600E-05
1395.0	6.713600E-07
1396.0	6.321500E-09
1397.0	4.905700E-05
1398.0	1.270400E-03
1399.0	8.122600E-04
1400.0	3.246600E-09
1401.0	1.052800E-08
1402.0	1.835300E-03
1403.0	2.380000E-03
1404.0	7.389200E-04
1405.0	3.644400E-07
1406.0	2.044800E-03
1407.0	1.745700E-04
1408.0	1.649300E-03
1409.0	6.191900E-04
1410.0	4.665300E-04
1411.0	2.114200E-03
1412.0	2.639600E-03
1413.0	2.335300E-02
1414.0	3.637800E-04
1415.0	1.836600E-04
1416.0	3.556500E-02
1417.0	1.175900E-02
1418.0	1.355900E-02
1419.0	2.144200E-03
1420.0	8.271800E-03
1421.0	9.163700E-03
1422.0	4.631400E-02
1423.0	9.219800E-03
1424.0	1.697500E-02
1425.0	2.585000E-02
1426.0	2.779200E-02
1427.0	4.954600E-02
1428.0	4.558800E-03
1429.0	3.802000E-02
1430.0	6.160100E-02
1431.0	5.015600E-02
1432.0	2.519400E-03
1433.0	3.583400E-02
1434.0	2.096200E-02
1435.0	2.141600E-02
1436.0	3.835100E-02
1437.0	2.988000E-02
1438.0	1.326300E-02
1439.0	5.103900E-02
1440.0	3.960100E-02
1441.0	3.180000E-02
1442.0	3.631700E-02
1443.0	4.506300E-02
1444.0	6.179100E-02
1445.0	4.975100E-02
1446.0	2.309500E-02
1447.0	3.621500E-02
1448.0	1.156900E-01
1449.0	1.021300E-01
1450.0	2.741200E-02
1451.0	1.127100E-02
1452.0	6.236100E-02
1453.0	8.197800E-02
1454.0	1.375900E-01
1455.0	6.615000E-02
1456.0	8.850900E-02
1457.0	1.170000E-01
1458.0	1.364300E-01
1459.0	1.630700E-01
1460.0	8.542100E-02
1461.0	9.027600E-02
1462.0	1.306000E-01
1463.0	4.322500E-02
1464.0	1.518400E-01
1465.0	9.338300E-02
1466.0	6.519700E-02
1467.0	3.605400E-02
1468.0	7.694200E-02
1469.0	9.484500E-02
1470.0	4.967800E-02
1471.0	1.784800E-02
1472.0	4.677100E-02
1473.0	7.019800E-02
1474.0	9.733900E-02
1475.0	1.846300E-01
1476.0	6.877800E-02
1477.0	6.973600E-02
1478.0	6.348000E-02
1479.0	1.200100E-01
1480.0	6.063700E-02
1481.0	1.152900E-01
1482.0	5.849000E-02
1483.0	1.485900E-01
1484.0	1.374700E-01
1485.0	1.250300E-01
1486.0	1.234000E-01
1487.0	6.062900E-02
1488.0	9.418000E-02
1489.0	1.897300E-01
1490.0	1.747800E-01
1491.0	1.977800E-01
1492.0	1.644100E-01
1493.0	1.815700E-01
1494.0	2.036700E-01
1495.0	1.825300E-01
1496.0	1.685200E-01
1497.0	2.285000E-01
1498.0	1.896800E-01
1499.0	2.175900E-01
1500.0	2.506100E-01
1501.0	2.655200E-01
1502.0	2.335600E-01
1503.0	1.849300E-01
1504.0	1.602900E-01
1505.0	1.840200E-01
1506.0	2.577300E-01
1507.0	2.551400E-01
1508.0	2.430200E-01
1509.0	1.869000E-01
1510.0	2.705200E-01
1511.0	2.647400E-01
1512.0	2.606800E-01
1513.0	2.423900E-01
1514.0	2.257100E-01
1515.0	2.657300E-01
1516.0	2.568300E-01
1517.0	2.492900E-01
1518.0	2.521100E-01
1519.0	2.443700E-01
1520.0	2.645000E-01
1521.0	2.750500E-01
1522.0	2.637800E-01
1523.0	2.800400E-01
1524.0	2.753900E-01
1525.0	2.588400E-01
1526.0	2.674500E-01
1527.0	2.622000E-01
1528.0	2.792800E-01
1529.0	2.724400E-01
1530.0	2.552200E-01
1531.0	2.697300E-01
1532.0	2.783900E-01
1533.0	2.771400E-01
1534.0	2.689200E-01
1535.0	2.668600E-01
1536.0	2.746400E-01
1537.0	2.733600E-01
1538.0	2.720200E-01
1539.0	2.729500E-01
1540.0	2.649100E-01
1541.0	2.690400E-01
1542.0	2.692700E-01
1543.0	2.720800E-01
1544.0	2.721000E-01
1545.0	2.770500E-01
1546.0	2.748100E-01
1547.0	2.730900E-01
1548.0	2.667500E-01
1549.0	2.734200E-01
1550.0	2.699000E-01
1551.0	2.705800E-01
1552.0	2.718200E-01
1553.0	2.713200E-01
1554.0	2.647400E-01
1555.0	2.675900E-01
1556.0	2.631000E-01
1557.0	2.706200E-01
1558.0	2.684800E-01
1559.0	2.680800E-01
1560.0	2.656800E-01
1561.0	2.700200E-01
1562.0	2.675600E-01
1563.0	2.666700E-01
1564.0	2.626400E-01
1565.0	2.672800E-01
1566.0	2.624500E-01
1567.0	2.630800E-01
1568.0	2.572200E-01
1569.0	2.545200E-01
1570.0	2.417500E-01
1571.0	2.350700E-01
1572.0	2.377500E-01
1573.0	2.340700E-01
1574.0	2.414500E-01
1575.0	2.397400E-01
1576.0	2.467800E-01
1577.0	2.160200E-01
1578.0	2.351600E-01
1579.0	2.367200E-01
1580.0	2.446400E-01
1581.0	2.487000E-01
1582.0	2.419500E-01
1583.0	2.475500E-01
1584.0	2.490400E-01
1585.0	2.587400E-01
1586.0	2.556900E-01
1587.0	2.530300E-01
1588.0	2.510700E-01
1589.0	2.323300E-01
1590.0	2.417900E-01
1591.0	2.419700E-01
1592.0	2.522500E-01
1593.0	2.583300E-01
1594.0	2.562400E-01
1595.0	2.582300E-01
1596.0	2.445200E-01
1597.0	2.469200E-01
1598.0	2.542100E-01
1599.0	2.420200E-01
1600.0	2.381000E-01
1601.0	2.232300E-01
1602.0	2.241300E-01
1603.0	2.239700E-01
1604.0	2.284200E-01
1605.0	2.368300E-01
1606.0	2.414000E-01
1607.0	2.329600E-01
1608.0	2.299000E-01
1609.0	2.272700E-01
1610.0	2.176000E-01
1611.0	2.268000E-01
1612.0	2.307600E-01
1613.0	2.371900E-01
1614.0	2.383800E-01
1615.0	2.410400E-01
1616.0	2.305000E-01
1617.0	2.346500E-01
1618.0	2.435200E-01
1619.0	2.410000E-01
1620.0	2.344900E-01
1621.0	2.343000E-01
1622.0	2.375400E-01
1623.0	2.424600E-01
1624.0	2.426900E-01
1625.0	2.378200E-01
1626.0	2.397100E-01
1627.0	2.407800E-01
1628.0	2.412600E-01
1629.0	2.413700E-01
1630.0	2.365100E-01
1631.0	2.380600E-01
1632.0	2.382100E-01
1633.0	2.326700E-01
1634.0	2.328200E-01
1635.0	2.336700E-01
1636.0	2.353900E-01
1637.0	2.270000E-01
1638.0	2.200700E-01
1639.0	2.202600E-01
1640.0	2.151100E-01
1641.0	2.196000E-01
1642.0	2.208200E-01
1643.0	2.153500E-01
1644.0	2.235500E-01
1645.0	2.182200E-01
1646.0	2.174900E-01
1647.0	2.276800E-01
1648.0	2.165500E-01
1649.0	2.186700E-01
1650.0	2.252600E-01
1651.0	2.085500E-01
1652.0	2.237300E-01
1653.0	2.227700E-01
1654.0	2.158300E-01
1655.0	2.223100E-01
1656.0	2.210100E-01
1657.0	2.222300E-01
1658.0	2.248700E-01
1659.0	2.212000E-01
1660.0	2.233200E-01
1661.0	2.238400E-01
1662.0	2.190800E-01
1663.0	2.223500E-01
1664.0	2.209800E-01
1665.0	2.117800E-01
1666.0	1.788400E-01
1667.0	2.106800E-01
1668.0	2.145900E-01
1669.0	2.151600E-01
1670.0	2.216800E-01
1671.0	2.187900E-01
1672.0	2.114700E-01
1673.0	2.162900E-01
1674.0	2.157500E-01
1675.0	2.136000E-01
1676.0	2.114500E-01
1677.0	2.122900E-01
1678.0	2.091500E-01
1679.0	2.130300E-01
1680.0	2.055800E-01
1681.0	1.944700E-01
1682.0	2.036600E-01
1683.0	2.090600E-01
1684.0	1.979700E-01
1685.0	2.132100E-01
1686.0	2.102600E-01
1687.0	2.048400E-01
1688.0	2.101300E-01
1689.0	2.071800E-01
1690.0	2.052300E-01
1691.0	1.930300E-01
1692.0	2.070800E-01
1693.0	2.113400E-01
1694.0	2.047700E-01
1695.0	2.096800E-01
1696.0	2.092200E-01
1697.0	1.810700E-01
1698.0	2.073900E-01
1699.0	2.055100E-01
1700.0	2.996250E-01
1702.0	5.099000E-01
1705.0	7.911200E-01
1710.0	9.395000E-01
1715.0	9.482500E-01
1720.0	9.349000E-01
1725.0	8.904000E-01
1730.0	8.703500E-01
1735.0	8.077000E-01
1740.0	8.409000E-01
1745.0	7.740500E-01
1750.0	8.283000E-01
1755.0	7.650500E-01
1760.0	7.999000E-01
1765.0	6.642000E-01
1770.0	7.086000E-01
1775.0	5.742000E-01
1780.0	5.025000E-01
1785.0	3.849050E-01
1790.0	4.445200E-01
1795.0	2.346550E-01
1800.0	1.591400E-01
1805.0	7.407500E-02
1810.0	4.845550E-02
1815.0	1.640800E-02
1820.0	4.937750E-03
1825.0	6.372000E-03
1830.0	2.602050E-05
1835.0	3.209500E-05
1840.0	3.135150E-07
1845.0	3.132900E-05
1850.0	1.499650E-05
1855.0	1.419800E-06
1860.0	5.575500E-05
1865.0	8.491000E-05
1870.0	1.333100E-09
1875.0	2.256500E-09
1880.0	3.875250E-04
1885.0	2.194500E-04
1890.0	1.116650E-03
1895.0	6.473500E-04
1900.0	4.311050E-06
1905.0	2.833350E-06
1910.0	1.152250E-04
1915.0	9.973500E-05
1920.0	2.253450E-03
1925.0	4.680750E-03
1930.0	2.762100E-03
1935.0	1.796750E-02
1940.0	1.641050E-02
1945.0	5.431500E-02
1950.0	8.363500E-02
1955.0	5.018000E-02
1960.0	1.095300E-01
1965.0	1.428150E-01
1970.0	2.442350E-01
1975.0	3.392850E-01
1980.0	3.775600E-01
1985.0	4.153150E-01
1990.0	4.280650E-01
1995.0	4.059500E-01
2000.0	1.907800E-01
2005.0	7.500500E-02
2010.0	1.987400E-01
2015.0	1.332400E-01
2020.0	2.249050E-01
2025.0	3.700500E-01
2030.0	4.242800E-01
2035.0	4.819300E-01
2040.0	4.489050E-01
2045.0	4.553700E-01
2050.0	3.396350E-01
2055.0	2.745300E-01
2060.0	3.459650E-01
2065.0	3.093750E-01
2070.0	3.283800E-01
2075.0	3.872150E-01
2080.0	4.340600E-01
2085.0	4.255100E-01
2090.0	4.455000E-01
2095.0	4.487350E-01
2100.0	4.306650E-01
2105.0	4.657650E-01
2110.0	4.482700E-01
2115.0	4.583650E-01
2120.0	4.379400E-01
2125.0	4.431600E-01
2130.0	4.488700E-01
2135.0	4.502200E-01
2140.0	4.538350E-01
2145.0	4.474300E-01
2150.0	4.231950E-01
2155.0	4.242000E-01
2160.0	4.208500E-01
2165.0	3.815500E-01
2170.0	4.099800E-01
2175.0	4.022400E-01
2180.0	4.090400E-01
2185.0	3.727500E-01
2190.0	3.953400E-01
2195.0	3.949600E-01
2200.0	3.560100E-01
2205.0	3.700500E-01
2210.0	3.965750E-01
2215.0	3.813650E-01
2220.0	3.886500E-01
2225.0	3.772650E-01
2230.0	3.788650E-01
2235.0	3.714950E-01
2240.0	3.655900E-01
2245.0	3.541900E-01
2250.0	3.596850E-01
2255.0	3.384500E-01
2260.0	3.346450E-01
2265.0	3.406850E-01
2270.0	3.243350E-01
2275.0	3.201050E-01
2280.0	3.314400E-01
2285.0	3.154000E-01
2290.0	3.161000E-01
2295.0	3.063250E-01
2300.0	2.941200E-01
2305.0	2.958550E-01
2310.0	3.193500E-01
2315.0	2.907050E-01
2320.0	2.601550E-01
2325.0	2.810750E-01
2330.0	2.841200E-01
2335.0	2.898350E-01
2340.0	2.291800E-01
2345.0	2.570000E-01
2350.0	2.076800E-01
2355.0	2.373650E-01
2360.0	2.511850E-01
2365.0	2.470450E-01
2370.0	1.540850E-01
2375.0	2.207350E-01
2380.0	2.127600E-01
2385.0	1.541300E-01
2390.0	1.855450E-01
2395.0	2.029700E-01
2400.0	2.207500E-01
2405.0	1.679950E-01
2410.0	1.690650E-01
2415.0	1.365000E-01
2420.0	1.329500E-01
2425.0	1.653900E-01
2430.0	2.254950E-01
2435.0	7.439000E-02
2440.0	2.162450E-01
2445.0	1.039900E-01
2450.0	6.805500E-02
2455.0	1.242650E-01
2460.0	1.668150E-01
2465.0	1.207400E-01
2470.0	8.363500E-02
2475.0	8.227500E-02
2480.0	4.019750E-02
2485.0	2.805100E-02
2490.0	1.755650E-02
2495.0	1.438600E-02
2500.0	3.532100E-02
2505.0	7.595500E-03
2510.0	1.108150E-02
2515.0	2.594000E-03
2520.0	1.852700E-03
2525.0	2.069650E-04
2530.0	3.179650E-06
2535.0	8.751000E-07
2540.0	1.885800E-06
2545.0	2.687900E-10
2550.0	1.411100E-12
2555.0	5.217500E-09
2560.0	1.551000E-10
2565.0	7.977500E-14
2570.0	7.629000E-18
2575.0	5.393000E-27
2580.0	1.910700E-21
2585.0	8.597000E-34
2590.0	2.739650E-30
2595.0	1.141900E-32
2600.0	2.245600E-27
2605.0	2.902650E-34
2610.0	2.972350E-33
2615.0	5.598000E-37
2620.0	2.825250E-28
2625.0	1.934350E-27
2630.0	1.401300E-44
2635.0	1.951350E-15
2640.0	5.875000E-16
2645.0	4.499400E-18
2650.0	7.147500E-19
2655.0	6.566500E-27
2660.0	1.303400E-24
2665.0	5.561500E-37
2670.0	0.000000E+00
2675.0	0.000000E+00
2680.0	0.000000E+00
2685.0	0.000000E+00
2690.0	5.113000E-29
2695.0	3.564200E-32
2700.0	0.000000E+00
2705.0	1.465750E-41
2710.0	5.625000E-35
2715.0	1.927850E-25
2720.0	2.802600E-44
2725.0	3.646750E-21
2730.0	3.036700E-18
2735.0	2.744400E-20
2740.0	1.165700E-26
2745.0	6.573000E-23
2750.0	8.324000E-28
2755.0	3.363100E-43
2760.0	0.000000E+00
2765.0	1.338850E-26
2770.0	4.189550E-23
2775.0	1.999500E-37
2780.0	2.403350E-33
2785.0	1.943300E-26
2790.0	6.085000E-16
2795.0	1.810250E-15
2800.0	8.242000E-12
2805.0	3.373900E-13
2810.0	2.011650E-09
2815.0	1.434250E-09
2820.0	1.027400E-10
2825.0	8.802500E-07
2830.0	1.950400E-05
2835.0	1.063800E-09
2840.0	9.804500E-07
2845.0	2.028750E-04
2850.0	5.783000E-06
2855.0	2.243350E-06
2860.0	1.267800E-04
2865.0	8.381500E-04
2870.0	3.156450E-05
2875.0	1.958500E-03
2880.0	1.236200E-03
2885.0	2.266600E-03
2890.0	9.311500E-04
2895.0	1.332150E-02
2900.0	4.057600E-03
2905.0	5.548000E-04
2910.0	1.361000E-02
2915.0	6.290500E-03
2920.0	1.447400E-02
2925.0	5.417500E-03
2930.0	2.942900E-02
2935.0	3.245150E-02
2940.0	8.136500E-03
2945.0	7.244500E-03
2950.0	2.613800E-02
2955.0	1.168050E-02
2960.0	2.298550E-02
2965.0	3.718950E-02
2970.0	1.761650E-03
2975.0	4.271450E-03
2980.0	6.690500E-03
2985.0	3.481400E-02
2990.0	5.140000E-02
2995.0	2.137750E-02
3000.0	3.923600E-02
3005.0	1.445300E-02
3010.0	3.423950E-02
3015.0	2.777550E-02
3020.0	3.168450E-03
3025.0	3.751550E-02
3030.0	3.037650E-02
3035.0	1.249300E-02
3040.0	1.012100E-02
3045.0	2.104500E-02
3050.0	5.160500E-03
3055.0	1.447350E-03
3060.0	3.150600E-02
3065.0	1.455650E-02
3070.0	8.746000E-03
3075.0	3.011050E-02
3080.0	1.811200E-02
3085.0	8.835500E-03
3090.0	1.190250E-02
3095.0	3.275500E-03
3100.0	2.200500E-02
3105.0	4.607750E-03
3110.0	4.228450E-03
3115.0	1.133850E-02
3120.0	4.909850E-02
3125.0	1.514450E-02
3130.0	2.880700E-02
3135.0	5.723000E-02
3140.0	1.662050E-02
3145.0	1.625850E-02
3150.0	3.337200E-02
3155.0	2.818300E-02
3160.0	4.616000E-02
3165.0	7.008500E-02
3170.0	6.258000E-02
3175.0	4.615100E-02
3180.0	5.310500E-02
3185.0	4.041150E-02
3190.0	2.119400E-02
3195.0	1.346350E-02
3200.0	2.192150E-03
3205.0	1.548650E-03
3210.0	6.817000E-04
3215.0	2.487600E-03
3220.0	8.044500E-03
3225.0	9.937500E-04
3230.0	1.704000E-03
3235.0	3.647000E-02
3240.0	1.873200E-02
3245.0	3.670450E-03
3250.0	1.303350E-02
3255.0	4.968900E-02
3260.0	6.124000E-03
3265.0	1.223250E-02
3270.0	6.093000E-03
3275.0	2.963250E-02
3280.0	1.432200E-02
3285.0	5.564000E-02
3290.0	4.378550E-02
3295.0	6.117000E-03
3300.0	8.897000E-03
3305.0	1.970800E-02
3310.0	1.961750E-02
3315.0	8.066500E-05
3320.0	2.999350E-04
3325.0	1.759350E-02
3330.0	2.330800E-02
3335.0	4.534700E-02
3340.0	1.730100E-02
3345.0	1.770400E-02
3350.0	4.013850E-02
3355.0	1.815400E-02
3360.0	2.620100E-02
3365.0	3.595350E-02
3370.0	1.969450E-02
3375.0	4.228000E-02
3380.0	2.555750E-02
3385.0	3.744800E-02
3390.0	4.927600E-02
3395.0	4.773250E-02
3400.0	6.254500E-02
3405.0	2.229700E-02
3410.0	3.540100E-02
3415.0	3.638700E-02
3420.0	6.582500E-02
3425.0	5.003000E-02
3430.0	4.344600E-02
3435.0	5.776500E-02
3440.0	4.017400E-02
3445.0	5.659000E-02
3450.0	5.576500E-02
3455.0	4.154450E-02
3460.0	6.265000E-02
3465.0	4.908950E-02
3470.0	6.132000E-02
3475.0	5.471500E-02
3480.0	5.612000E-02
3485.0	6.047000E-02
3490.0	5.209500E-02
3495.0	6.132500E-02
3500.0	5.958500E-02
3505.0	5.904500E-02
3510.0	5.981500E-02
3515.0	5.747000E-02
3520.0	6.061000E-02
3525.0	5.714000E-02
3530.0	5.563500E-02
3535.0	4.727800E-02
3540.0	4.515500E-02
3545.0	4.771600E-02
3550.0	5.269000E-02
3555.0	4.529050E-02
3560.0	5.397500E-02
3565.0	5.425500E-02
3570.0	4.168800E-02
3575.0	4.322200E-02
3580.0	5.093500E-02
3585.0	4.583550E-02
3590.0	4.726150E-02
3595.0	4.835000E-02
3600.0	5.131000E-02
3605.0	5.179500E-02
3610.0	4.739350E-02
3615.0	4.736300E-02
3620.0	5.807000E-02
3625.0	5.119500E-02
3630.0	4.977500E-02
3635.0	5.149500E-02
3640.0	5.740000E-02
3645.0	5.299500E-02
3650.0	5.061500E-02
3655.0	5.489000E-02
3660.0	5.457000E-02
3665.0	5.126500E-02
3670.0	3.950150E-02
3675.0	2.414300E-02
3680.0	4.165600E-02
3685.0	4.719000E-02
3690.0	4.846100E-02
3695.0	5.066000E-02
3700.0	5.439000E-02
3705.0	5.385000E-02
3710.0	4.682000E-02
3715.0	4.612700E-02
3720.0	5.188000E-02
3725.0	5.349000E-02
3730.0	4.635350E-02
3735.0	4.291850E-02
3740.0	4.424700E-02
3745.0	5.165500E-02
3750.0	4.645150E-02
3755.0	4.495900E-02
3760.0	4.431650E-02
3765.0	4.275100E-02
3770.0	4.562150E-02
3775.0	4.526050E-02
3780.0	4.787300E-02
3785.0	4.406150E-02
3790.0	3.878200E-02
3795.0	4.434600E-02
3800.0	4.929600E-02
3805.0	4.652450E-02
3810.0	4.122550E-02
3815.0	3.878450E-02
3820.0	4.827500E-02
3825.0	4.752800E-02
3830.0	4.796250E-02
3835.0	3.845800E-02
3840.0	4.487800E-02
3845.0	4.390050E-02
3850.0	4.413700E-02
3855.0	4.254250E-02
3860.0	3.997000E-02
3865.0	4.049450E-02
3870.0	3.680200E-02
3875.0	3.381000E-02
3880.0	3.267000E-02
3885.0	3.385850E-02
3890.0	3.440900E-02
3895.0	3.738000E-02
3900.0	3.962700E-02
3905.0	3.963450E-02
3910.0	3.567650E-02
3915.0	3.493400E-02
3920.0	3.473300E-02
3925.0	3.426000E-02
3930.0	3.525100E-02
3935.0	3.677050E-02
3940.0	3.701350E-02
3945.0	3.770600E-02
3950.0	3.813850E-02
3955.0	3.859950E-02
3960.0	3.874100E-02
3965.0	3.902850E-02
3970.0	3.840300E-02
3975.0	3.754850E-02
3980.0	3.693600E-02
3985.0	3.716350E-02
3990.0	3.686150E-02
3995.0	3.605000E-02
4000.0	5.328225E-02
