Wavelength (nm)	Al_n	Al_k
300	0.27571	3.61265
301	0.27754	3.62538
302	0.27937	3.63812
303	0.2812	3.65085
304	0.28303	3.66359
305	0.28485	3.67632
306	0.28668	3.68906
307	0.28851	3.70179
308	0.29034	3.71453
309	0.29217	3.72726
310	0.294	3.74
311	0.29596	3.75263
312	0.29792	3.76525
313	0.29988	3.77788
314	0.30185	3.7905
315	0.30381	3.80313
316	0.30577	3.81575
317	0.30773	3.82838
318	0.30969	3.84101
319	0.31165	3.85363
320	0.31361	3.86626
321	0.31557	3.87888
322	0.31754	3.89151
323	0.3195	3.90414
324	0.32146	3.91676
325	0.32342	3.92939
326	0.32538	3.94201
327	0.3274	3.95461
328	0.32944	3.96718
329	0.33148	3.97976
330	0.33352	3.99234
331	0.33556	4.00491
332	0.3376	4.01749
333	0.33964	4.03007
334	0.34168	4.04264
335	0.34372	4.05522
336	0.34577	4.0678
337	0.34781	4.08037
338	0.34985	4.09295
339	0.35189	4.10553
340	0.35393	4.1181
341	0.35597	4.13068
342	0.35801	4.14326
343	0.36005	4.15583
344	0.36209	4.16841
345	0.36421	4.18091
346	0.36638	4.19335
347	0.36855	4.20578
348	0.37072	4.21822
349	0.37289	4.23066
350	0.37506	4.2431
351	0.37724	4.25553
352	0.37941	4.26797
353	0.38158	4.28041
354	0.38375	4.29285
355	0.38592	4.30528
356	0.38809	4.31772
357	0.39027	4.33016
358	0.39244	4.3426
359	0.39461	4.35503
360	0.39678	4.36747
361	0.39895	4.37991
362	0.40112	4.39235
363	0.4033	4.40478
364	0.40547	4.41722
365	0.40768	4.42964
366	0.41001	4.44201
367	0.41233	4.45438
368	0.41466	4.46675
369	0.41698	4.47913
370	0.41931	4.4915
371	0.42163	4.50387
372	0.42396	4.51624
373	0.42629	4.52861
374	0.42861	4.54098
375	0.43094	4.55335
376	0.43326	4.56573
377	0.43559	4.5781
378	0.43791	4.59047
379	0.44024	4.60284
380	0.44256	4.61521
381	0.44489	4.62758
382	0.44721	4.63996
383	0.44954	4.65233
384	0.45186	4.6647
385	0.45419	4.67707
386	0.45651	4.68944
387	0.45884	4.70181
388	0.46122	4.71412
389	0.46366	4.72635
390	0.4661	4.73858
391	0.46854	4.75081
392	0.47097	4.76305
393	0.47341	4.77528
394	0.47585	4.78751
395	0.47829	4.79974
396	0.48073	4.81197
397	0.48317	4.82421
398	0.48561	4.83644
399	0.48805	4.84867
400	0.49048	4.8609
401	0.49292	4.87314
402	0.49536	4.88537
403	0.4978	4.8976
404	0.50024	4.90983
405	0.50268	4.92206
406	0.50512	4.9343
407	0.50755	4.94653
408	0.50999	4.95876
409	0.51243	4.97099
410	0.51487	4.98323
411	0.51731	4.99546
412	0.51975	5.00769
413	0.52219	5.01992
414	0.52469	5.03215
415	0.52723	5.04438
416	0.52977	5.05661
417	0.53231	5.06883
418	0.53485	5.08106
419	0.5374	5.09329
420	0.53994	5.10552
421	0.54248	5.11774
422	0.54502	5.12997
423	0.54756	5.1422
424	0.5501	5.15443
425	0.55264	5.16665
426	0.55518	5.17888
427	0.55772	5.19111
428	0.56026	5.20334
429	0.5628	5.21556
430	0.56534	5.22779
431	0.56788	5.24002
432	0.57042	5.25225
433	0.57296	5.26447
434	0.5755	5.2767
435	0.57804	5.28893
436	0.58058	5.30115
437	0.58312	5.31338
438	0.58566	5.32561
439	0.5882	5.33784
440	0.59074	5.35006
441	0.59328	5.36229
442	0.59582	5.37452
443	0.59841	5.38674
444	0.60125	5.39892
445	0.6041	5.4111
446	0.60695	5.42329
447	0.6098	5.43547
448	0.61264	5.44765
449	0.61549	5.45983
450	0.61834	5.47202
451	0.62119	5.4842
452	0.62403	5.49638
453	0.62688	5.50856
454	0.62973	5.52075
455	0.63258	5.53293
456	0.63542	5.54511
457	0.63827	5.55729
458	0.64112	5.56947
459	0.64397	5.58166
460	0.64681	5.59384
461	0.64966	5.60602
462	0.65251	5.6182
463	0.65536	5.63039
464	0.6582	5.64257
465	0.66105	5.65475
466	0.6639	5.66693
467	0.66674	5.67911
468	0.66959	5.6913
469	0.67244	5.70348
470	0.67529	5.71566
471	0.67813	5.72784
472	0.68098	5.74003
473	0.68383	5.75221
474	0.68668	5.76439
475	0.68952	5.77657
476	0.69237	5.78875
477	0.69525	5.80093
478	0.69855	5.81309
479	0.70185	5.82524
480	0.70514	5.83739
481	0.70844	5.84955
482	0.71173	5.8617
483	0.71503	5.87385
484	0.71833	5.88601
485	0.72162	5.89816
486	0.72492	5.91031
487	0.72821	5.92246
488	0.73151	5.93462
489	0.73481	5.94677
490	0.7381	5.95892
491	0.7414	5.97108
492	0.7447	5.98323
493	0.74799	5.99538
494	0.75129	6.00753
495	0.75458	6.01969
496	0.75788	6.03184
497	0.76118	6.04399
498	0.76447	6.05615
499	0.76777	6.0683
500	0.77106	6.08045
501	0.77436	6.0926
502	0.77766	6.10476
503	0.78095	6.11691
504	0.78425	6.12906
505	0.78755	6.14122
506	0.79084	6.15337
507	0.79414	6.16552
508	0.79743	6.17767
509	0.80073	6.18983
510	0.80403	6.20198
511	0.80732	6.21413
512	0.81062	6.22629
513	0.81391	6.23844
514	0.81721	6.25059
515	0.82051	6.26275
516	0.8238	6.2749
517	0.82736	6.287
518	0.83145	6.29898
519	0.83554	6.31097
520	0.83963	6.32295
521	0.84371	6.33494
522	0.8478	6.34693
523	0.85189	6.35891
524	0.85598	6.3709
525	0.86006	6.38289
526	0.86415	6.39487
527	0.86824	6.40686
528	0.87233	6.41885
529	0.87642	6.43083
530	0.8805	6.44282
531	0.88459	6.45481
532	0.88868	6.46679
533	0.89277	6.47878
534	0.89685	6.49077
535	0.90094	6.50275
536	0.90503	6.51474
537	0.90912	6.52672
538	0.91321	6.53871
539	0.91729	6.5507
540	0.92138	6.56268
541	0.92547	6.57467
542	0.92956	6.58666
543	0.93364	6.59864
544	0.93773	6.61063
545	0.94182	6.62262
546	0.94591	6.6346
547	0.94999	6.64659
548	0.95408	6.65858
549	0.95817	6.67056
550	0.96226	6.68255
551	0.96635	6.69453
552	0.97043	6.70652
553	0.97452	6.71851
554	0.97861	6.73049
555	0.9827	6.74248
556	0.98678	6.75447
557	0.99087	6.76645
558	0.99496	6.77844
559	0.99905	6.79043
560	1.00314	6.80241
561	1.00722	6.8144
562	1.01131	6.82639
563	1.0154	6.83837
564	1.01985	6.85008
565	1.02492	6.86131
566	1.02999	6.87255
567	1.03507	6.88378
568	1.04014	6.89501
569	1.04522	6.90624
570	1.05029	6.91747
571	1.05536	6.9287
572	1.06044	6.93993
573	1.06551	6.95116
574	1.07059	6.96239
575	1.07566	6.97362
576	1.08074	6.98485
577	1.08581	6.99608
578	1.09088	7.00731
579	1.09596	7.01854
580	1.10103	7.02977
581	1.10611	7.041
582	1.11118	7.05224
583	1.11625	7.06347
584	1.12133	7.0747
585	1.1264	7.08593
586	1.13148	7.09716
587	1.13655	7.10839
588	1.14163	7.11962
589	1.1467	7.13085
590	1.15177	7.14208
591	1.15685	7.15331
592	1.16192	7.16454
593	1.167	7.17577
594	1.17207	7.187
595	1.17715	7.19823
596	1.18222	7.20946
597	1.18729	7.2207
598	1.19237	7.23193
599	1.19744	7.24316
600	1.20252	7.25439
601	1.20759	7.26562
602	1.21266	7.27685
603	1.21774	7.28808
604	1.22281	7.29931
605	1.22789	7.31054
606	1.23296	7.32177
607	1.23804	7.333
608	1.24311	7.34423
609	1.24818	7.35546
610	1.25326	7.36669
611	1.25833	7.37792
612	1.26341	7.38915
613	1.26848	7.40039
614	1.27355	7.41162
615	1.27863	7.42285
616	1.2837	7.43408
617	1.28878	7.44531
618	1.29385	7.45654
619	1.29893	7.46777
620	1.304	7.479
621	1.30964	7.48948
622	1.31528	7.49996
623	1.32092	7.51044
624	1.32655	7.52092
625	1.33219	7.5314
626	1.33783	7.54188
627	1.34347	7.55236
628	1.34911	7.56285
629	1.35475	7.57333
630	1.36039	7.58381
631	1.36603	7.59429
632	1.37166	7.60477
633	1.3773	7.61525
634	1.38294	7.62573
635	1.38858	7.63621
636	1.39422	7.64669
637	1.39986	7.65717
638	1.4055	7.66765
639	1.41114	7.67813
640	1.41677	7.68861
641	1.42241	7.69909
642	1.42805	7.70957
643	1.43369	7.72005
644	1.43933	7.73054
645	1.44497	7.74102
646	1.45061	7.7515
647	1.45625	7.76198
648	1.46188	7.77246
649	1.46752	7.78294
650	1.47316	7.79342
651	1.4788	7.8039
652	1.48444	7.81438
653	1.49057	7.8249
654	1.49755	7.83549
655	1.50453	7.84608
656	1.5115	7.85667
657	1.51848	7.86727
658	1.52546	7.87786
659	1.53244	7.88845
660	1.53942	7.89904
661	1.54639	7.90963
662	1.55337	7.92022
663	1.56035	7.93081
664	1.56733	7.9414
665	1.57431	7.95199
666	1.58128	7.96258
667	1.58826	7.97318
668	1.59524	7.98377
669	1.60222	7.99436
670	1.6092	8.00495
671	1.61617	8.01554
672	1.62315	8.02613
673	1.63013	8.03672
674	1.63711	8.04731
675	1.64408	8.0579
676	1.65106	8.06849
677	1.65804	8.07909
678	1.66502	8.08968
679	1.672	8.10027
680	1.67897	8.11086
681	1.68595	8.12145
682	1.69293	8.13204
683	1.69991	8.14263
684	1.70689	8.15322
685	1.71386	8.16381
686	1.72084	8.1744
687	1.72782	8.18499
688	1.7348	8.19559
689	1.7421	8.20601
690	1.75202	8.21509
691	1.76194	8.22417
692	1.77186	8.23325
693	1.78178	8.24233
694	1.7917	8.25142
695	1.80162	8.2605
696	1.81154	8.26958
697	1.82146	8.27866
698	1.83139	8.28774
699	1.84131	8.29682
700	1.85123	8.3059
701	1.86115	8.31498
702	1.87107	8.32407
703	1.88099	8.33315
704	1.89091	8.34223
705	1.90083	8.35131
706	1.91075	8.36039
707	1.92067	8.36947
708	1.93059	8.37855
709	1.94051	8.38763
710	1.95043	8.39672
711	1.96035	8.4058
712	1.97027	8.41488
713	1.98019	8.42396
714	1.99011	8.43304
715	2.00003	8.44212
716	2.00995	8.4512
717	2.01987	8.46029
718	2.02979	8.46937
719	2.03971	8.47845
720	2.04963	8.48753
721	2.05955	8.49661
722	2.06947	8.50569
723	2.07939	8.51477
724	2.08931	8.52385
725	2.09923	8.53294
726	2.10915	8.54202
727	2.11907	8.5511
728	2.12899	8.56018
729	2.13892	8.56926
730	2.14922	8.57331
731	2.15979	8.57384
732	2.17037	8.57436
733	2.18094	8.57489
734	2.19151	8.57542
735	2.20208	8.57594
736	2.21266	8.57647
737	2.22323	8.57699
738	2.2338	8.57752
739	2.24438	8.57805
740	2.25495	8.57857
741	2.26552	8.5791
742	2.27609	8.57963
743	2.28667	8.58015
744	2.29724	8.58068
745	2.30781	8.58121
746	2.31839	8.58173
747	2.32896	8.58226
748	2.33953	8.58279
749	2.3501	8.58331
750	2.36068	8.58384
751	2.37125	8.58437
752	2.38182	8.58489
753	2.3924	8.58542
754	2.40297	8.58594
755	2.41354	8.58647
756	2.42411	8.587
757	2.43469	8.58752
758	2.44526	8.58805
759	2.45583	8.58858
760	2.46641	8.5891
761	2.47698	8.58963
762	2.48755	8.59016
763	2.49813	8.59068
764	2.5087	8.59121
765	2.51927	8.59174
766	2.52984	8.59226
767	2.54042	8.59279
768	2.55099	8.59331
769	2.56156	8.59384
770	2.57214	8.59437
771	2.58271	8.59489
772	2.59328	8.59542
773	2.60385	8.59595
774	2.61443	8.59647
775	2.625	8.597
776	2.62732	8.59143
777	2.62965	8.58585
778	2.63197	8.58028
779	2.63429	8.5747
780	2.63661	8.56913
781	2.63894	8.56355
782	2.64126	8.55798
783	2.64358	8.55241
784	2.6459	8.54683
785	2.64823	8.54126
786	2.65055	8.53568
787	2.65287	8.53011
788	2.65519	8.52454
789	2.65752	8.51896
790	2.65984	8.51339
791	2.66216	8.50781
792	2.66448	8.50224
793	2.66681	8.49666
794	2.66913	8.49109
795	2.67145	8.48552
796	2.67377	8.47994
797	2.6761	8.47437
798	2.67842	8.46879
799	2.68074	8.46322
800	2.68306	8.45765