source: Minoura et al. JOURNAL OF APPLIED PHYSICS 117, 195703 (2015) for CGS
nm
NK
280	2.8313189	1.26390252
285	2.84544282	1.24936
290	2.86653707	1.23437786
295	2.89255008	1.21497083
300	2.91960329	1.18865016
305	2.9428361	1.15539654
310	2.95796092	1.11811231
315	2.96306135	1.0819293
320	2.9596357	1.05231759
325	2.95209436	1.03285453
330	2.94586776	1.02389702
335	2.94515723	1.02288664
340	2.95157216	1.0260807
345	2.96443836	1.03066676
350	2.98256546	1.03587294
355	3.0062114	1.0422772
360	3.03789638	1.04979364
365	3.08109	1.05455346
370	3.1353845	1.05068904
375	3.19793582	1.03212441
380	3.2615103	0.994160009
385	3.31629411	0.93731115
390	3.35453136	0.868126881
395	3.37421512	0.795865455
400	3.37854627	0.727823497
405	3.37267612	0.667386041
410	3.36105134	0.614853627
415	3.34651026	0.569097775
420	3.33051235	0.528750947
425	3.31368344	0.492728339
430	3.29626842	0.460323344
435	3.2784002	0.431123916
440	3.26022119	0.404892724
445	3.24191723	0.381470113
450	3.22371125	0.36071336
455	3.20584666	0.342466641
460	3.18858044	0.326550813
465	3.17224669	0.312719083
470	3.15697219	0.300401759
475	3.14255781	0.289348682
480	3.12896011	0.279454939
485	3.11618062	0.270600436
490	3.10422281	0.262659181
495	3.09308281	0.255506549
500	3.08274739	0.249023551
505	3.07319434	0.243099258
510	3.0643938	0.237632037
515	3.05630965	0.232530025
520	3.048901	0.227711138
525	3.04212336	0.223102804
530	3.03592974	0.218641554
535	3.03027158	0.214272543
540	3.02509947	0.20994906
545	3.02036381	0.205632049
550	3.01601543	0.201289659
555	3.01200613	0.196896829
560	3.00828914	0.192434895
565	3.00481976	0.187891228
570	3.00155591	0.183258879
575	2.9984589	0.178536227
580	2.99549453	0.173726607
585	2.99263512	0.168837878
590	2.98986556	0.163881759
595	2.98720133	0.158835858
600	2.98456831	0.153650979
605	2.98190363	0.148359465
610	2.97917301	0.142996057
615	2.97635467	0.137595693
620	2.97343642	0.132193041
625	2.97041455	0.126821798
630	2.96729345	0.12151378
635	2.9640855	0.116297824
640	2.96081222	0.111197202
645	2.95749776	0.106225032
650	2.95416989	0.101392084
655	2.95086318	0.0967001114
660	2.94761559	0.0921388983
665	2.94446541	0.0876839737
670	2.94144698	0.0832945825
675	2.93858492	0.0789124779
680	2.93588653	0.0744624546
685	2.93333271	0.0698559571
690	2.93086834	0.0649994253
695	2.92839464	0.0598089459
700	2.92576753	0.0542317448
705	2.9228077	0.0482725731
710	2.91932869	0.0420191637
715	2.91519113	0.0356571018
720	2.91044227	0.0294045879
725	2.9050313	0.0232231331
730	2.89881355	0.0173962758
735	2.89189109	0.0122252847
740	2.88448011	0.00792020156
745	2.8768456	0.00458353971
750	2.86925237	0.00221910899
755	2.86193652	0.000756910972
760	2.85510558	8.28124073e-005
765	2.84903097	0
770	2.84367498	0
775	2.83876247	0
780	2.83418873	0
785	2.82989248	0
790	2.82583206	0
795	2.82197689	0
800	2.81830337	0
805	2.81479271	0
810	2.8114295	0
815	2.80820091	0
820	2.805096	0
825	2.8021054	0
830	2.79922095	0
835	2.79643545	0
840	2.79374257	0
845	2.79113663	0
850	2.78861252	0
855	2.78616567	0
860	2.78379187	0
865	2.78148734	0
870	2.77924857	0
875	2.77707237	0
880	2.77495577	0
885	2.77289604	0
890	2.77089063	0
895	2.7689372	0
900	2.76703354	0
905	2.76517758	0
910	2.7633674	0
915	2.7616012	0
920	2.75987727	0
925	2.75819401	0
930	2.75654991	0
935	2.75494355	0
940	2.75337357	0
945	2.75183871	0
950	2.75033773	0
955	2.74886951	0
960	2.74743294	0
965	2.74602699	0
970	2.74465065	0
975	2.743303	0
980	2.74198312	0
985	2.74069017	0
990	2.7394233	0
995	2.73818175	0
1000	2.73696475	0
1005	2.73577158	0
1010	2.73460156	0
1015	2.73345402	0
1020	2.73232832	0
1025	2.73122385	0
1030	2.73014003	0
1035	2.72907629	0
1040	2.72803208	0
1045	2.72700689	0
1050	2.72600021	0
1055	2.72501155	0
1060	2.72404045	0
1065	2.72308645	0
1070	2.72214913	0
1075	2.72122806	0
1080	2.72032283	0
1085	2.71943305	0
1090	2.71855835	0
1095	2.71769836	0
1100	2.71685272	0
1105	2.7160211	0
1110	2.71520315	0
1115	2.71439857	0
1120	2.71360704	0
1125	2.71282825	0
1130	2.71206192	0
1135	2.71130777	0
1140	2.71056551	0
1145	2.70983489	0
1150	2.70911565	0
1155	2.70840753	0
1160	2.7077103	0
1165	2.70702371	0
1170	2.70634755	0
1175	2.70568157	0
1180	2.70502558	0
1185	2.70437936	0
1190	2.7037427	0
1195	2.70311541	0
1200	2.7024973	0
1205	2.70188817	0
1210	2.70128784	0
1215	2.70069614	0
1220	2.70011289	0
1225	2.69953792	0
1230	2.69897108	0
1235	2.69841219	0
1240	2.6978611	0
1245	2.69731767	0
1250	2.69678175	0
1255	2.69625318	0
1260	2.69573183	0
1265	2.69521757	0
1270	2.69471025	0
1275	2.69420975	0
1280	2.69371595	0
1285	2.69322871	0
1290	2.69274792	0
1295	2.69227345	0
1300	2.6918052	0
1305	2.69134305	0
1310	2.69088689	0
1315	2.69043662	0
1320	2.68999212	0
1325	2.6895533	0
1330	2.68912006	0
1335	2.68869229	0
1340	2.68826991	0
1345	2.68785281	0
1350	2.68744092	0
1355	2.68703413	0
1430	2.68149038	0
1435	2.68115467	0
1440	2.68082281	0
1445	2.68049475	0
1450	2.68017043	0
1455	2.67984978	0
1460	2.67953276	0
1465	2.6792193	0
1470	2.67890935	0
1475	2.67860285	0
1480	2.67829976	0
1485	2.67800002	0
1490	2.67770358	0
1495	2.6774104	0
1500	2.67712041	0
1505	2.67683359	0
1510	2.67654987	0
1515	2.67626921	0
1520	2.67599157	0
1525	2.6757169	0
1530	2.67544517	0
1535	2.67517632	0
1540	2.67491031	0
1545	2.67464711	0
1550	2.67438668	0
1555	2.67412897	0
1560	2.67387394	0
1565	2.67362157	0
1570	2.6733718	0
1575	2.6731246	0
1580	2.67287995	0
1585	2.67263779	0
1590	2.67239811	0
1595	2.67216085	0
1600	2.671926	0
1605	2.67169351	0
1610	2.67146336	0
1615	2.67123551	0
1620	2.67100993	0
1625	2.67078659	0
1630	2.67056546	0
1635	2.67034651	0
1640	2.67012971	0
1645	2.66991504	0
1650	2.66970245	0
1655	2.66949194	0
1660	2.66928346	0
1665	2.669077	0
1670	2.66887252	0
1675	2.66867001	0
1680	2.66846943	0
1685	2.66827075	0
1690	2.66807397	0
1695	2.66787904	0
1700	2.66768595	0