Source: Michael Richter et al. Thin Solid Films 535 (2013) 331–335 (SE) 
280	2.96963	1.37732
285	2.99373	1.33361
290	3.01549	1.29105
295	3.0351	1.24969
300	3.05277	1.20959
305	3.06868	1.17076
310	3.08299	1.13318
315	3.09588	1.09683
320	3.10747	1.06169
325	3.11791	1.02769
330	3.12731	0.9948
335	3.13578	0.96295
340	3.14341	0.93209
345	3.15029	0.90215
350	3.15648	0.87309
355	3.16206	0.84484
360	3.16708	0.81734
365	3.17158	0.79054
370	3.17561	0.76439
375	3.1792	0.73882
380	3.18239	0.71379
385	3.18518	0.68925
390	3.18761	0.66516
395	3.18967	0.64146
400	3.19138	0.61813
405	3.19274	0.59511
410	3.19374	0.57238
415	3.19439	0.5499
420	3.19466	0.52764
425	3.19454	0.50557
430	3.19403	0.48368
435	3.19308	0.46193
440	3.19168	0.44033
445	3.18979	0.41885
450	3.18739	0.39749
455	3.18444	0.37625
460	3.1809	0.35514
465	3.17673	0.33417
470	3.1719	0.31335
475	3.16634	0.29272
480	3.16003	0.27231
485	3.15291	0.25215
490	3.14492	0.23229
495	3.13601	0.2128
500	3.12608	0.19373
505	3.115	0.17515
510	3.10227	0.15734
515	3.08826	0.14153
520	3.0739	0.1276
525	3.05955	0.11529
530	3.0454	0.10438
535	3.03157	0.09469
540	3.01811	0.08606
545	3.00508	0.07836
550	2.99249	0.07147
555	2.98036	0.0653
560	2.96867	0.05975
565	2.95743	0.05477
570	2.94663	0.05027
575	2.93624	0.04622
580	2.92627	0.04255
585	2.91669	0.03923
590	2.90749	0.03622
595	2.89865	0.03349
600	2.89015	0.031
605	2.88198	0.02874
610	2.87413	0.02667
615	2.86658	0.02478
620	2.85931	0.02306
625	2.85232	0.02148
630	2.84559	0.02003
635	2.8391	0.0187
640	2.83284	0.01747
645	2.82681	0.01635
650	2.821	0.01531
655	2.81538	0.01435
660	2.80996	0.01347
665	2.80473	0.01265
670	2.79967	0.0119
675	2.79478	0.0112
680	2.79005	0.01055
685	2.78547	0.00995
690	2.78104	0.00939
695	2.77675	0.00887
700	2.77259	0.00838
705	2.76856	0.00793
710	2.76466	0.00751
715	2.76087	0.00711
720	2.75719	0.00675
725	2.75362	0.0064
730	2.75016	0.00608
735	2.74679	0.00578
740	2.74352	0.0055
745	2.74035	0.00523
750	2.73726	0.00498
755	2.73425	0.00475
760	2.73132	0.00453
765	2.72848	0.00432
770	2.72571	0.00413
775	2.72301	0.00395
780	2.72038	0.00377
785	2.71782	0.00361
790	2.71532	0.00345
795	2.71289	0.00331
800	2.71051	0.00317
805	2.7082	0.00304
810	2.70594	0.00292
815	2.70374	0.0028
820	2.70158	0.00269
825	2.69948	0.00259
830	2.69743	0.00249
835	2.69543	0.00239
840	2.69347	0.0023
845	2.69155	0.00222
850	2.68968	0.00213
855	2.68785	0.00206
860	2.68606	0.00198
865	2.68431	0.00191
870	2.6826	0.00185
875	2.68093	0.00178
880	2.67929	0.00172
885	2.67768	0.00166
890	2.67611	0.00161
895	2.67457	0.00156
900	2.67307	0.0015
905	2.67159	0.00146
910	2.67014	0.00141
915	2.66873	0.00137
920	2.66734	0.00132
925	2.66598	0.00128
930	2.66464	0.00124
935	2.66333	0.00121
940	2.66205	0.00117
945	2.66079	0.00114
950	2.65956	0.0011
955	2.65835	0.00107
960	2.65716	0.00104
965	2.65599	0.00101
970	2.65484	9.84091E-4
975	2.65372	9.57084E-4
980	2.65262	9.31104E-4
985	2.65153	9.06102E-4
990	2.65047	8.82035E-4
995	2.64942	8.58858E-4
1000	2.6484	8.36532E-4
1005	2.64739	8.15017E-4
1010	2.6464	7.94279E-4
1015	2.64542	7.74281E-4
1020	2.64447	7.54992E-4
1025	2.64352	7.3638E-4
1030	2.6426	7.18416E-4
1035	2.64169	7.01073E-4
1040	2.6408	6.84323E-4
1045	2.63992	6.68142E-4
1050	2.63905	6.52506E-4
1055	2.6382	6.37392E-4
1060	2.63736	6.22778E-4
1065	2.63654	6.08644E-4
1070	2.63573	5.9497E-4
1075	2.63494	5.81738E-4
1080	2.63415	5.68929E-4
1085	2.63338	5.56528E-4
1090	2.63262	5.44518E-4
1095	2.63187	5.32883E-4
1100	2.63114	5.21609E-4
1105	2.63041	5.10682E-4
1110	2.6297	5.00089E-4
1115	2.629	4.89816E-4
1120	2.6283	4.79852E-4
1125	2.62762	4.70186E-4
1130	2.62695	4.60805E-4
1135	2.62629	4.517E-4
1140	2.62564	4.42861E-4
1145	2.625	4.34277E-4
1150	2.62437	4.25939E-4
1155	2.62374	4.17839E-4
1160	2.62313	4.09968E-4
1165	2.62252	4.02317E-4
1170	2.62193	3.9488E-4
1175	2.62134	3.87649E-4
1180	2.62076	3.80615E-4
1185	2.62019	3.73774E-4
1190	2.61963	3.67117E-4
1195	2.61907	3.60639E-4
1200	2.61852	3.54334E-4
1205	2.61798	3.48195E-4
1210	2.61745	3.42218E-4
1215	2.61692	3.36397E-4
1220	2.61641	3.30726E-4
1225	2.61589	3.25201E-4
1230	2.61539	3.19818E-4
1235	2.61489	3.14571E-4
1240	2.6144	3.09456E-4
1245	2.61392	3.04469E-4
1250	2.61344	2.99605E-4
1255	2.61297	2.94862E-4
1260	2.6125	2.90235E-4
1265	2.61204	2.8572E-4
1270	2.61159	2.81315E-4
1275	2.61114	2.77015E-4
1280	2.6107	2.72817E-4
1285	2.61027	2.6872E-4
1290	2.60984	2.64718E-4
1295	2.60941	2.6081E-4
1300	2.60899	2.56993E-4
1305	2.60858	2.53263E-4
1310	2.60817	2.4962E-4
1315	2.60776	2.46059E-4
1320	2.60736	2.42578E-4
1325	2.60697	2.39176E-4
1330	2.60658	2.3585E-4
1335	2.6062	2.32597E-4
1340	2.60582	2.29416E-4
1345	2.60544	2.26305E-4
1350	2.60507	2.23262E-4
1355	2.6047	2.20284E-4
1430	2.5997	1.82406E-4
1435	2.59939	1.8027E-4
1440	2.59909	1.78175E-4
1445	2.5988	1.76121E-4
1450	2.5985	1.74106E-4
1455	2.59821	1.7213E-4
1460	2.59792	1.70191E-4
1465	2.59764	1.6829E-4
1470	2.59736	1.66424E-4
1475	2.59708	1.64593E-4
1480	2.5968	1.62796E-4
1485	2.59653	1.61033E-4
1490	2.59626	1.59302E-4
1495	2.596	1.57602E-4
1500	2.59573	1.55934E-4
1505	2.59547	1.54296E-4
1510	2.59521	1.52687E-4
1515	2.59496	1.51107E-4
1520	2.59471	1.49556E-4
1525	2.59446	1.48031E-4
1530	2.59421	1.46534E-4
1535	2.59397	1.45063E-4
1540	2.59372	1.43618E-4
1545	2.59348	1.42197E-4
1550	2.59325	1.40801E-4
1555	2.59301	1.39429E-4
1560	2.59278	1.38081E-4
1565	2.59255	1.36755E-4
1570	2.59232	1.35452E-4
1575	2.5921	1.34171E-4
1580	2.59187	1.32911E-4
1585	2.59165	1.31672E-4
1590	2.59143	1.30453E-4
1595	2.59122	1.29255E-4
1600	2.591	1.28076E-4
1605	2.59079	1.26916E-4
1610	2.59058	1.25775E-4
1615	2.59037	1.24653E-4
1620	2.59017	1.23548E-4
1625	2.58996	1.22461E-4
1630	2.58976	1.21392E-4
1635	2.58956	1.20339E-4
1640	2.58936	1.19303E-4
1645	2.58917	1.18283E-4
1650	2.58897	1.17279E-4
1655	2.58878	1.1629E-4
1660	2.58859	1.15317E-4
1665	2.5884	1.14359E-4
1670	2.58821	1.13415E-4
1675	2.58803	1.12485E-4
1680	2.58784	1.1157E-4
1685	2.58766	1.10668E-4
1690	2.58748	1.0978E-4
1695	2.5873	1.08905E-4
1700	2.58713	1.08043E-4