Source: Michael Richter et al. Thin Solid Films 535 (2013) 331–335 (SE)
280	1.36511	2.48923
285	1.43082	2.50647
290	1.49254	2.51806
295	1.54976	2.52498
300	1.60219	2.52818
305	1.64969	2.52858
310	1.6923	2.52707
315	1.73018	2.52442
320	1.76359	2.52132
325	1.79288	2.51838
330	1.81846	2.51607
335	1.84074	2.51479
340	1.8602	2.51482
345	1.87726	2.51635
350	1.89236	2.5195
355	1.90591	2.5243
360	1.91826	2.53072
365	1.92972	2.5387
370	1.94058	2.54814
375	1.95105	2.5589
380	1.96131	2.57085
385	1.97149	2.58382
390	1.98169	2.5977
395	1.99195	2.61233
400	2.0023	2.62761
405	2.01273	2.64345
410	2.02324	2.65979
415	2.03379	2.67658
420	2.04435	2.69384
425	2.0549	2.71162
430	2.06545	2.72998
435	2.07606	2.74903
440	2.08683	2.76889
445	2.09795	2.78967
450	2.10967	2.81142
455	2.12229	2.83413
460	2.13617	2.8577
465	2.15164	2.88189
470	2.16899	2.90635
475	2.18842	2.93063
480	2.20999	2.9542
485	2.23361	2.97652
490	2.25905	2.99707
495	2.28592	3.01539
500	2.31372	3.03117
505	2.34189	3.04422
510	2.36985	3.05451
515	2.39703	3.06216
520	2.42295	3.06742
525	2.4472	3.07065
530	2.46948	3.07226
535	2.48962	3.07271
540	2.50756	3.07248
545	2.52337	3.07199
550	2.53718	3.07162
555	2.5492	3.0717
560	2.55969	3.07247
565	2.56895	3.0741
570	2.57724	3.07667
575	2.58486	3.08021
580	2.59204	3.08469
585	2.59902	3.09003
590	2.60596	3.09612
595	2.613	3.10282
600	2.62024	3.11
605	2.62774	3.11752
610	2.63554	3.12524
615	2.64362	3.13302
620	2.65198	3.14077
625	2.66058	3.14837
630	2.66937	3.15576
635	2.6783	3.16285
640	2.6873	3.16961
645	2.69632	3.17599
650	2.7053	3.18198
655	2.71416	3.18754
660	2.72287	3.19268
665	2.73137	3.19739
670	2.7396	3.20169
675	2.74752	3.20559
680	2.75509	3.2091
685	2.76228	3.21224
690	2.76905	3.21503
695	2.77537	3.2175
700	2.78122	3.21968
705	2.78657	3.22158
710	2.7914	3.22323
715	2.7957	3.22467
720	2.79946	3.22592
725	2.80265	3.22701
730	2.80527	3.22796
735	2.80732	3.2288
740	2.80878	3.22957
745	2.80966	3.23028
750	2.80994	3.23097
755	2.80963	3.23165
760	2.80873	3.23236
765	2.80724	3.23313
770	2.80517	3.23397
775	2.80251	3.23491
780	2.79927	3.23597
785	2.79547	3.23718
790	2.79109	3.23856
795	2.78617	3.24014
800	2.78069	3.24193
805	2.77468	3.24395
810	2.76815	3.24622
815	2.7611	3.24877
820	2.75355	3.25162
825	2.74552	3.25477
830	2.73701	3.25825
835	2.72804	3.26208
840	2.71863	3.26626
845	2.70879	3.27083
850	2.69854	3.27578
855	2.6879	3.28113
860	2.67688	3.2869
865	2.6655	3.29309
870	2.65378	3.29973
875	2.64174	3.30681
880	2.62939	3.31434
885	2.61676	3.32235
890	2.60387	3.33082
895	2.59073	3.33977
900	2.57737	3.34921
905	2.5638	3.35913
910	2.55004	3.36955
915	2.53612	3.38046
920	2.52206	3.39187
925	2.50787	3.40377
930	2.49357	3.41617
935	2.47918	3.42907
940	2.46473	3.44246
945	2.45024	3.45635
950	2.43571	3.47072
955	2.42117	3.48557
960	2.40664	3.50091
965	2.39213	3.51671
970	2.37767	3.53299
975	2.36326	3.54972
980	2.34893	3.5669
985	2.33469	3.58452
990	2.32055	3.60258
995	2.30653	3.62106
1000	2.29265	3.63995
1005	2.27891	3.65924
1010	2.26533	3.67892
1015	2.25191	3.69898
1020	2.23868	3.71941
1025	2.22564	3.74019
1030	2.2128	3.76132
1035	2.20016	3.78277
1040	2.18775	3.80454
1045	2.17555	3.82662
1050	2.16359	3.84898
1055	2.15186	3.87163
1060	2.14037	3.89454
1065	2.12913	3.9177
1070	2.11814	3.9411
1075	2.1074	3.96472
1080	2.09692	3.98856
1085	2.08669	4.01261
1090	2.07673	4.03684
1095	2.06702	4.06125
1100	2.05758	4.08582
1105	2.0484	4.11055
1110	2.03947	4.13542
1115	2.03081	4.16043
1120	2.02241	4.18555
1125	2.01426	4.21078
1130	2.00637	4.23612
1135	1.99873	4.26155
1140	1.99135	4.28705
1145	1.98421	4.31263
1150	1.97732	4.33827
1155	1.97066	4.36397
1160	1.96425	4.38972
1165	1.95807	4.4155
1170	1.95212	4.44131
1175	1.9464	4.46715
1180	1.9409	4.49301
1185	1.93562	4.51887
1190	1.93055	4.54474
1195	1.92569	4.57061
1200	1.92104	4.59648
1205	1.91658	4.62233
1210	1.91233	4.64816
1215	1.90826	4.67397
1220	1.90438	4.69975
1225	1.90068	4.7255
1230	1.89716	4.75121
1235	1.89382	4.77689
1240	1.89063	4.80252
1245	1.88762	4.8281
1250	1.88476	4.85364
1255	1.88205	4.87912
1260	1.8795	4.90455
1265	1.87708	4.92991
1270	1.87481	4.95522
1275	1.87268	4.98047
1280	1.87067	5.00565
1285	1.86879	5.03076
1290	1.86704	5.05581
1295	1.8654	5.08078
1300	1.86388	5.10569
1305	1.86246	5.13052
1310	1.86116	5.15528
1315	1.85995	5.17996
1320	1.85884	5.20457
1325	1.85783	5.2291
1330	1.85691	5.25355
1335	1.85608	5.27792
1340	1.85532	5.30222
1345	1.85465	5.32644
1350	1.85406	5.35057
1355	1.85353	5.37463
1430	1.85235	5.72606
1435	1.85258	5.74887
1440	1.85285	5.77161
1445	1.85314	5.79428
1450	1.85345	5.81688
1455	1.85378	5.8394
1460	1.85413	5.86186
1465	1.85449	5.88424
1470	1.85487	5.90656
1475	1.85526	5.92881
1480	1.85566	5.95099
1485	1.85607	5.9731
1490	1.85648	5.99515
1495	1.8569	6.01714
1500	1.85732	6.03906
1505	1.85775	6.06092
1510	1.85817	6.08272
1515	1.8586	6.10446
1520	1.85902	6.12613
1525	1.85944	6.14775
1530	1.85986	6.16932
1535	1.86026	6.19082
1540	1.86066	6.21228
1545	1.86106	6.23367
1550	1.86144	6.25502
1555	1.86181	6.27631
1560	1.86217	6.29755
1565	1.86251	6.31874
1570	1.86285	6.33988
1575	1.86317	6.36097
1580	1.86347	6.38202
1585	1.86375	6.40301
1590	1.86402	6.42397
1595	1.86427	6.44488
1600	1.8645	6.46574
1605	1.86471	6.48657
1610	1.8649	6.50735
1615	1.86507	6.52809
1620	1.86522	6.5488
1625	1.86535	6.56946
1630	1.86545	6.59009
1635	1.86553	6.61068
1640	1.86558	6.63124
1645	1.86561	6.65176
1650	1.86561	6.67225
1655	1.86559	6.69271
1660	1.86554	6.71313
1665	1.86547	6.73353
1670	1.86537	6.75389
1675	1.86524	6.77423
1680	1.86508	6.79454
1685	1.8649	6.81482
1690	1.86468	6.83507
1695	1.86444	6.8553
1700	1.86417	6.87551