Source: Jan Keller (R,T)
280	2.1	1.66357
285	2.1	1.53473
290	2.1	1.4059
295	2.1	1.27706
300	2.1	1.14822
305	2.1	1.01939
310	2.1	0.89055
315	2.1	0.77206
320	2.1	0.65954
325	2.1125	0.55605
330	2.125	0.46219
335	2.1375	0.37588
340	2.15	0.30033
345	2.15	0.23254
350	2.15	0.1763
355	2.15	0.13614
360	2.15	0.09597
365	2.15	0.07419
370	2.15	0.05241
375	2.15	0.04208
380	2.15	0.03175
385	2.1375	0.02707
390	2.125	0.02238
395	2.1125	0.01949
400	2.1	0.0166
405	2.1	0.01443
410	2.1	0.01226
415	2.1	0.01069
420	2.1	0.00911
425	2.1	0.00798
430	2.1	0.00685
435	2.1	0.00604
440	2.1	0.00523
445	2.1	0.00465
450	2.1	0.00407
455	2.1	0.00365
460	2.1	0.00323
465	2.1	0.00292
470	2.1	0.00261
475	2.1	0.00239
480	2.1	0.00216
485	2.0875	0.002
490	2.075	0.00183
495	2.0625	0.0017
500	2.05	0.00158
505	2.05	0.00143
510	2.05	0.00128
515	2.05	0.00116
520	2.05	0.00103
525	2.0375	8.50685E-4
530	2.025	6.66862E-4
535	2.0125	5.48489E-4
540	2	4.30115E-4
545	2	3.76422E-4
550	2	3.22728E-4
555	2	3.15406E-4
560	2	3.08084E-4
565	2	3.00762E-4
570	2	2.9344E-4
575	2	2.9341E-4
580	2	2.9338E-4
585	2	2.9335E-4
590	2	2.9332E-4
595	2	2.95994E-4
600	2	2.98668E-4
605	2	3.01343E-4
610	2	3.04017E-4
615	2	3.07482E-4
620	2	3.10948E-4
625	2	3.14413E-4
630	2	3.17878E-4
635	2	3.24544E-4
640	2	3.3121E-4
645	2	3.37875E-4
650	2	3.44541E-4
655	2	3.63154E-4
660	2	3.81767E-4
665	2	4.0038E-4
670	2	4.18993E-4
675	2	4.68142E-4
680	2	5.17291E-4
685	2	5.6644E-4
690	2	6.15589E-4
695	2	6.35154E-4
700	2	6.54719E-4
705	2	6.74284E-4
710	2	6.93848E-4
715	2	7.016E-4
720	2	7.129E-4
725	2	7.28304E-4
730	2	7.38821E-4
735	2	7.49337E-4
740	2	7.59854E-4
745	2	7.65376E-4
750	2	7.70897E-4
755	2	7.76267E-4
760	2	7.84694E-4
765	2	7.9189E-4
770	2	7.93771E-4
775	2	8.01543E-4
780	2	8.09315E-4
785	2	8.12352E-4
790	2	8.15389E-4
795	2	8.18427E-4
800	2	8.21464E-4
805	2	8.2456E-4
810	2	8.27656E-4
815	2	8.30752E-4
820	2	8.46536E-4
825	2	9.01772E-4
830	2	0.0011
835	2	0.00139
840	2	0.00173
845	2	0.00206
850	2	0.00239
855	2	0.00272
860	2	0.00305
865	2	0.00332
870	2	0.00359
875	2	0.00387
880	2	0.00414
885	2	0.00421
890	2	0.00428
895	2	0.00435
900	2	0.00442
905	2	0.00449
910	2	0.00457
915	2	0.00465
920	2	0.00475
925	2	0.00484
930	2	0.00493
935	2	0.00495
940	2	0.00502
945	2	0.00511
950	2	0.00521
955	2	0.00533
960	2	0.00546
965	2	0.00559
970	2	0.00571
975	2	0.00583
980	2	0.00595
985	2	0.00606
990	2	0.00618
995	1.99913	0.00631
1000	1.99478	0.00647
1005	1.99043	0.00663
1010	1.98609	0.00679
1015	1.98174	0.00696
1020	1.97739	0.00712
1025	1.97304	0.00728
1030	1.9687	0.00744
1035	1.96435	0.00761
1040	1.96	0.00777
1045	1.955	0.00799
1050	1.95	0.00821
1055	1.945	0.00843
1060	1.94	0.00865
1065	1.935	0.00887
1070	1.93	0.00909
1075	1.925	0.00938
1080	1.92	0.00967
1085	1.915	0.00997
1090	1.91	0.01026
1095	1.905	0.01056
1100	1.9	0.01085
1105	1.895	0.01111
1110	1.89	0.01136
1115	1.885	0.01162
1120	1.88	0.01187
1125	1.875	0.01215
1130	1.87	0.01242
1135	1.865	0.01271
1140	1.86	0.01301
1145	1.855	0.01331
1150	1.85	0.01362
1155	1.845	0.01393
1160	1.84	0.01423
1165	1.835	0.01457
1170	1.83	0.01491
1175	1.825	0.01525
1180	1.82	0.01559
1185	1.815	0.01596
1190	1.81	0.01633
1195	1.805	0.0167
1200	1.8	0.01708
1205	1.795	0.0175
1210	1.79	0.01793
1215	1.785	0.01836
1220	1.78	0.01878
1225	1.775	0.01921
1230	1.77	0.01963
1235	1.765	0.02006
1240	1.76	0.02059
1245	1.755	0.02113
1250	1.75	0.02166
1255	1.745	0.02219
1260	1.74	0.02272
1265	1.735	0.02326
1270	1.73	0.02379
1275	1.725	0.02432
1280	1.72	0.02486
1285	1.715	0.02539
1290	1.71	0.02592
1295	1.705	0.02658
1300	1.7	0.02724
1305	1.695	0.0279
1310	1.69	0.02856
1315	1.685	0.02922
1320	1.68	0.02988
1325	1.675	0.03065
1330	1.67	0.03142
1335	1.665	0.03218
1340	1.66	0.03295
1345	1.655	0.03372
1350	1.65	0.03449
1355	1.645	0.03543
1430	1.57	0.0495
1435	1.565	0.05044
1440	1.56	0.05137
1445	1.555	0.05231
1450	1.55	0.05325
1455	1.545	0.05419
1460	1.54	0.05513
1465	1.535	0.05606
1470	1.53	0.057
1475	1.525	0.05794
1480	1.52	0.05888
1485	1.515	0.05982
1490	1.51	0.06075
1495	1.505	0.06169
1500	1.5	0.06263
1505	1.495	0.06357
1510	1.49	0.0645
1515	1.485	0.06544
1520	1.48	0.06638
1525	1.475	0.06732
1530	1.47	0.06826
1535	1.465	0.06919
1540	1.46	0.07013
1545	1.455	0.07107
1550	1.45	0.07201
1555	1.445	0.07295
1560	1.44	0.07388
1565	1.435	0.07482
1570	1.43	0.07576
1575	1.425	0.0767
1580	1.42	0.07763
1585	1.415	0.07857
1590	1.41	0.07951
1595	1.405	0.08045
1600	1.4	0.08139
1605	1.395	0.08232
1610	1.39	0.08326
1615	1.385	0.0842
1620	1.38	0.08514
1625	1.375	0.08608
1630	1.37	0.08701
1635	1.365	0.08795
1640	1.36	0.08889
1645	1.355	0.08983
1650	1.35	0.09076
1655	1.345	0.0917
1660	1.34	0.09264
1665	1.335	0.09358
1670	1.33	0.09452
1675	1.325	0.09545
1680	1.32	0.09639
1685	1.315	0.09733
1690	1.31	0.09827
1695	1.305	0.09921
1700	1.3	0.10014