Source: Michael Richter et al. Thin Solid Films 535 (2013) 331–335 (SE) 
280	2.59232	0.29079
285	2.56152	0.25898
290	2.53138	0.23057
295	2.50206	0.20524
300	2.47368	0.18268
305	2.44631	0.16262
310	2.42	0.14478
315	2.39478	0.12895
320	2.37066	0.11489
325	2.34764	0.10241
330	2.32568	0.09134
335	2.30478	0.08152
340	2.2849	0.07281
345	2.266	0.06508
350	2.24803	0.05822
355	2.23097	0.05213
360	2.21476	0.04671
365	2.19937	0.04191
370	2.18474	0.03763
375	2.17084	0.03382
380	2.15763	0.03043
385	2.14508	0.02741
390	2.13313	0.02472
395	2.12176	0.02232
400	2.11093	0.02017
405	2.10061	0.01825
410	2.09078	0.01653
415	2.08139	0.01499
420	2.07244	0.01361
425	2.06388	0.01237
430	2.0557	0.01126
435	2.04787	0.01025
440	2.04038	0.00935
445	2.0332	0.00854
450	2.02632	0.00781
455	2.01972	0.00714
460	2.01338	0.00654
465	2.00729	0.006
470	2.00144	0.00551
475	1.9958	0.00506
480	1.99038	0.00466
485	1.98515	0.00429
490	1.98012	0.00396
495	1.97526	0.00365
500	1.97057	0.00337
505	1.96603	0.00312
510	1.96165	0.00289
515	1.95741	0.00268
520	1.95331	0.00248
525	1.94934	0.00231
530	1.94549	0.00214
535	1.94176	0.00199
540	1.93813	0.00186
545	1.93462	0.00173
550	1.9312	0.00161
555	1.92788	0.00151
560	1.92465	0.00141
565	1.92151	0.00132
570	1.91845	0.00123
575	1.91547	0.00115
580	1.91256	0.00108
585	1.90973	0.00102
590	1.90696	9.56307E-4
595	1.90426	9.00278E-4
600	1.90163	8.48706E-4
605	1.89905	8.0134E-4
610	1.89653	7.5794E-4
615	1.89406	7.18316E-4
620	1.89165	6.82307E-4
625	1.88928	6.49775E-4
630	1.88697	6.20624E-4
635	1.8847	5.94762E-4
640	1.88247	5.72144E-4
645	1.88028	5.5272E-4
650	1.87814	5.36483E-4
655	1.87603	5.23417E-4
660	1.87396	5.13544E-4
665	1.87192	5.06875E-4
670	1.86992	5.03452E-4
675	1.86795	5.03304E-4
680	1.86601	5.06482E-4
685	1.86411	5.1303E-4
690	1.86223	5.23E-4
695	1.86037	5.36442E-4
700	1.85855	5.53403E-4
705	1.85675	5.73934E-4
710	1.85497	5.98071E-4
715	1.85322	6.25859E-4
720	1.85149	6.57323E-4
725	1.84979	6.92492E-4
730	1.8481	7.31385E-4
735	1.84644	7.74007E-4
740	1.8448	8.20366E-4
745	1.84317	8.7045E-4
750	1.84157	9.24247E-4
755	1.83998	9.81734E-4
760	1.83841	0.00104
765	1.83686	0.00111
770	1.83532	0.00118
775	1.8338	0.00125
780	1.83229	0.00132
785	1.8308	0.0014
790	1.82933	0.00148
795	1.82787	0.00157
800	1.82642	0.00166
805	1.82499	0.00175
810	1.82357	0.00184
815	1.82216	0.00194
820	1.82076	0.00204
825	1.81937	0.00214
830	1.818	0.00225
835	1.81664	0.00236
840	1.81528	0.00247
845	1.81394	0.00258
850	1.81261	0.00269
855	1.81128	0.00281
860	1.80997	0.00293
865	1.80866	0.00305
870	1.80736	0.00317
875	1.80607	0.00329
880	1.80478	0.00342
885	1.80351	0.00355
890	1.80224	0.00368
895	1.80097	0.00381
900	1.79971	0.00394
905	1.79846	0.00407
910	1.79721	0.00421
915	1.79597	0.00434
920	1.79473	0.00448
925	1.79349	0.00462
930	1.79226	0.00476
935	1.79103	0.0049
940	1.78981	0.00504
945	1.78859	0.00518
950	1.78737	0.00533
955	1.78615	0.00547
960	1.78493	0.00562
965	1.78372	0.00577
970	1.7825	0.00592
975	1.78129	0.00607
980	1.78007	0.00622
985	1.77886	0.00638
990	1.77765	0.00653
995	1.77643	0.00669
1000	1.77522	0.00685
1005	1.774	0.00701
1010	1.77278	0.00718
1015	1.77156	0.00734
1020	1.77034	0.00751
1025	1.76912	0.00768
1030	1.76789	0.00785
1035	1.76666	0.00803
1040	1.76543	0.00821
1045	1.76419	0.00839
1050	1.76295	0.00857
1055	1.76171	0.00876
1060	1.76046	0.00895
1065	1.75921	0.00915
1070	1.75796	0.00935
1075	1.7567	0.00955
1080	1.75543	0.00976
1085	1.75416	0.00997
1090	1.75289	0.01018
1095	1.7516	0.01041
1100	1.75032	0.01063
1105	1.74903	0.01086
1110	1.74773	0.0111
1115	1.74642	0.01134
1120	1.74511	0.01159
1125	1.7438	0.01185
1130	1.74247	0.01211
1135	1.74114	0.01238
1140	1.73981	0.01265
1145	1.73846	0.01293
1150	1.73711	0.01322
1155	1.73576	0.01352
1160	1.73439	0.01383
1165	1.73302	0.01414
1170	1.73164	0.01446
1175	1.73026	0.01479
1180	1.72887	0.01513
1185	1.72747	0.01548
1190	1.72606	0.01584
1195	1.72465	0.01621
1200	1.72323	0.01659
1205	1.7218	0.01697
1210	1.72036	0.01737
1215	1.71892	0.01778
1220	1.71747	0.01821
1225	1.71601	0.01864
1230	1.71455	0.01908
1235	1.71307	0.01954
1240	1.7116	0.02001
1245	1.71011	0.02049
1250	1.70862	0.02098
1255	1.70712	0.02149
1260	1.70561	0.02201
1265	1.7041	0.02254
1270	1.70258	0.02309
1275	1.70106	0.02365
1280	1.69952	0.02422
1285	1.69799	0.02481
1290	1.69644	0.02542
1295	1.69489	0.02604
1300	1.69334	0.02667
1305	1.69178	0.02732
1310	1.69021	0.02799
1315	1.68864	0.02867
1320	1.68706	0.02937
1325	1.68548	0.03008
1330	1.68389	0.03081
1335	1.6823	0.03156
1340	1.68071	0.03232
1345	1.67911	0.03311
1350	1.6775	0.0339
1355	1.6759	0.03472
1430	1.6515	0.0492
1435	1.64987	0.05032
1440	1.64824	0.05146
1445	1.64661	0.05262
1450	1.64498	0.0538
1455	1.64335	0.055
1460	1.64172	0.05622
1465	1.64009	0.05746
1470	1.63847	0.05872
1475	1.63685	0.06001
1480	1.63523	0.06131
1485	1.63362	0.06264
1490	1.63201	0.06398
1495	1.6304	0.06535
1500	1.6288	0.06674
1505	1.6272	0.06815
1510	1.62561	0.06957
1515	1.62402	0.07102
1520	1.62244	0.0725
1525	1.62086	0.07399
1530	1.61929	0.0755
1535	1.61773	0.07703
1540	1.61617	0.07859
1545	1.61462	0.08016
1550	1.61308	0.08176
1555	1.61155	0.08338
1560	1.61002	0.08502
1565	1.6085	0.08667
1570	1.60699	0.08835
1575	1.60549	0.09005
1580	1.604	0.09177
1585	1.60252	0.09351
1590	1.60105	0.09527
1595	1.59959	0.09705
1600	1.59814	0.09886
1605	1.5967	0.10068
1610	1.59527	0.10252
1615	1.59385	0.10438
1620	1.59245	0.10626
1625	1.59106	0.10816
1630	1.58968	0.11008
1635	1.58831	0.11202
1640	1.58695	0.11397
1645	1.58561	0.11595
1650	1.58428	0.11794
1655	1.58297	0.11996
1660	1.58167	0.12199
1665	1.58039	0.12404
1670	1.57912	0.12611
1675	1.57786	0.12819
1680	1.57662	0.1303
1685	1.5754	0.13242
1690	1.57419	0.13456
1695	1.573	0.13671
1700	1.57182	0.13889