Wavelength (nm)	PEDOT_n	PEDOT_k
300	1.70023	0.01975
301	1.69667	0.01951
302	1.69355	0.01928
303	1.69099	0.01904
304	1.68843	0.01881
305	1.68587	0.01857
306	1.68239	0.01834
307	1.67883	0.0181
308	1.67527	0.01787
309	1.67279	0.01763
310	1.67115	0.0174
311	1.66951	0.01716
312	1.66787	0.01693
313	1.66539	0.01669
314	1.66283	0.01646
315	1.66027	0.01622
316	1.65808	0.01599
317	1.65644	0.01575
318	1.6548	0.01552
319	1.65316	0.01528
320	1.65152	0.01505
321	1.64988	0.01481
322	1.64824	0.01458
323	1.64669	0.01434
324	1.6459	0.01411
325	1.64511	0.01387
326	1.64432	0.01364
327	1.64326	0.0134
328	1.64162	0.01317
329	1.63998	0.01293
330	1.63834	0.0127
331	1.6367	0.01246
332	1.63506	0.01223
333	1.63342	0.01199
334	1.6318	0.01176
335	1.6318	0.01152
336	1.6318	0.01129
337	1.6318	0.01105
338	1.63167	0.01082
339	1.63003	0.01058
340	1.62839	0.01035
341	1.62675	0.01011
342	1.62511	0.00988
343	1.62347	0.00964
344	1.62182	0.00941
345	1.62018	0.00917
346	1.61921	0.00894
347	1.61842	0.0087
348	1.61763	0.00847
349	1.61684	0.00823
350	1.61605	0.008
351	1.61526	0.00803
352	1.61447	0.00805
353	1.61368	0.00808
354	1.61289	0.00811
355	1.6121	0.00814
356	1.61131	0.00816
357	1.61052	0.00819
358	1.60973	0.00822
359	1.60894	0.00825
360	1.60815	0.00827
361	1.60684	0.0083
362	1.6052	0.00833
363	1.60356	0.00836
364	1.60192	0.00838
365	1.6011	0.00841
366	1.60031	0.00844
367	1.59952	0.00847
368	1.59873	0.00849
369	1.59794	0.00852
370	1.59715	0.00855
371	1.59636	0.00858
372	1.59557	0.0086
373	1.59478	0.00863
374	1.59399	0.00866
375	1.5932	0.00868
376	1.59241	0.00871
377	1.59162	0.00874
378	1.59083	0.00877
379	1.59004	0.00879
380	1.58857	0.00882
381	1.58693	0.00885
382	1.58529	0.00888
383	1.58389	0.0089
384	1.58389	0.00893
385	1.58389	0.00896
386	1.58389	0.00899
387	1.58354	0.00901
388	1.5819	0.00904
389	1.58026	0.00907
390	1.57862	0.0091
391	1.57746	0.00912
392	1.57667	0.00915
393	1.57588	0.00918
394	1.57509	0.00921
395	1.5743	0.00923
396	1.57351	0.00926
397	1.57272	0.00929
398	1.57193	0.00932
399	1.57114	0.00934
400	1.57035	0.00937
401	1.56956	0.00943
402	1.56877	0.00949
403	1.56798	0.00956
404	1.56719	0.00962
405	1.5664	0.00968
406	1.56561	0.00974
407	1.56482	0.0098
408	1.56403	0.00986
409	1.56324	0.00993
410	1.56293	0.00999
411	1.56293	0.01005
412	1.56293	0.01011
413	1.56293	0.01017
414	1.5624	0.01024
415	1.56161	0.0103
416	1.56082	0.01036
417	1.56003	0.01042
418	1.55924	0.01048
419	1.55845	0.01055
420	1.55766	0.01061
421	1.55695	0.01067
422	1.55695	0.01073
423	1.55695	0.01079
424	1.55695	0.01085
425	1.55668	0.01092
426	1.55504	0.01098
427	1.5534	0.01104
428	1.55176	0.0111
429	1.55096	0.01116
430	1.55096	0.01123
431	1.55096	0.01129
432	1.55096	0.01135
433	1.55096	0.01141
434	1.55096	0.01147
435	1.55096	0.01154
436	1.55096	0.0116
437	1.55096	0.01166
438	1.55096	0.01172
439	1.55096	0.01178
440	1.55096	0.01184
441	1.54979	0.01191
442	1.54815	0.01197
443	1.54651	0.01203
444	1.54497	0.01209
445	1.54497	0.01215
446	1.54497	0.01222
447	1.54497	0.01228
448	1.54487	0.01234
449	1.54408	0.0124
450	1.54329	0.01246
451	1.5425	0.01261
452	1.54171	0.01277
453	1.54092	0.01292
454	1.54013	0.01307
455	1.53934	0.01322
456	1.53898	0.01337
457	1.53898	0.01352
458	1.53898	0.01367
459	1.53898	0.01382
460	1.5385	0.01397
461	1.53771	0.01412
462	1.53692	0.01427
463	1.53613	0.01442
464	1.53534	0.01457
465	1.53455	0.01472
466	1.53376	0.01488
467	1.53297	0.01503
468	1.53218	0.01518
469	1.53139	0.01533
470	1.5306	0.01548
471	1.52981	0.01563
472	1.52902	0.01578
473	1.52823	0.01593
474	1.52744	0.01608
475	1.52701	0.01623
476	1.52701	0.01638
477	1.52701	0.01653
478	1.52701	0.01668
479	1.52616	0.01683
480	1.52452	0.01699
481	1.52288	0.01714
482	1.52124	0.01729
483	1.52102	0.01744
484	1.52102	0.01759
485	1.52102	0.01774
486	1.52102	0.01789
487	1.52028	0.01804
488	1.51949	0.01819
489	1.5187	0.01834
490	1.51791	0.01849
491	1.51712	0.01864
492	1.51633	0.01879
493	1.51554	0.01894
494	1.51503	0.0191
495	1.51503	0.01925
496	1.51503	0.0194
497	1.51503	0.01955
498	1.5147	0.0197
499	1.51391	0.01985
500	1.51312	0.02
501	1.51233	0.0202
502	1.51154	0.02041
503	1.51075	0.02061
504	1.50996	0.02082
505	1.50917	0.02102
506	1.50904	0.02122
507	1.50904	0.02143
508	1.50904	0.02163
509	1.50904	0.02183
510	1.50833	0.02204
511	1.50754	0.02224
512	1.50675	0.02245
513	1.50596	0.02265
514	1.50517	0.02285
515	1.50438	0.02306
516	1.50359	0.02326
517	1.50305	0.02347
518	1.50305	0.02367
519	1.50305	0.02387
520	1.50305	0.02408
521	1.50275	0.02428
522	1.50196	0.02448
523	1.50117	0.02469
524	1.50038	0.02489
525	1.49959	0.0251
526	1.4988	0.0253
527	1.49801	0.0255
528	1.49722	0.02571
529	1.49707	0.02591
530	1.49707	0.02611
531	1.49707	0.02632
532	1.49707	0.02652
533	1.49638	0.02673
534	1.49559	0.02693
535	1.4948	0.02713
536	1.49401	0.02734
537	1.49322	0.02754
538	1.49243	0.02775
539	1.49164	0.02795
540	1.49108	0.02815
541	1.49108	0.02836
542	1.49108	0.02856
543	1.49108	0.02876
544	1.49108	0.02897
545	1.49108	0.02917
546	1.49108	0.02938
547	1.49108	0.02958
548	1.49038	0.02978
549	1.48874	0.02999
550	1.4871	0.03019
551	1.48546	0.03047
552	1.48509	0.03075
553	1.48509	0.03104
554	1.48509	0.03132
555	1.48509	0.0316
556	1.48442	0.03188
557	1.48363	0.03216
558	1.48284	0.03244
559	1.48205	0.03272
560	1.48126	0.03301
561	1.48047	0.03329
562	1.47969	0.03357
563	1.4791	0.03385
564	1.4791	0.03413
565	1.4791	0.03441
566	1.4791	0.03469
567	1.47884	0.03497
568	1.47805	0.03526
569	1.47726	0.03554
570	1.47647	0.03582
571	1.47611	0.0361
572	1.47611	0.03638
573	1.47611	0.03666
574	1.47611	0.03694
575	1.47563	0.03723
576	1.47484	0.03751
577	1.47405	0.03779
578	1.47326	0.03807
579	1.47247	0.03835
580	1.47168	0.03863
581	1.47089	0.03891
582	1.4701	0.03919
583	1.46931	0.03948
584	1.46852	0.03976
585	1.46773	0.04004
586	1.46713	0.04032
587	1.46713	0.0406
588	1.46713	0.04088
589	1.46713	0.04116
590	1.46713	0.04145
591	1.46713	0.04173
592	1.46713	0.04201
593	1.46713	0.04229
594	1.46684	0.04257
595	1.46605	0.04285
596	1.46526	0.04313
597	1.46447	0.04342
598	1.46368	0.0437
599	1.46289	0.04398
600	1.4621	0.04426
601	1.46131	0.04454
602	1.46114	0.04482
603	1.46114	0.0451
604	1.46114	0.04538
605	1.46114	0.04567
606	1.46047	0.04595
607	1.45968	0.04623
608	1.45889	0.04651
609	1.4581	0.04679
610	1.45731	0.04707
611	1.45652	0.04735
612	1.45573	0.04764
613	1.45515	0.04792
614	1.45515	0.0482
615	1.45515	0.04848
616	1.45515	0.04876
617	1.45488	0.04904
618	1.45409	0.04932
619	1.45331	0.04961
620	1.45252	0.04989
621	1.45173	0.05017
622	1.45094	0.05045
623	1.45015	0.05073
624	1.44936	0.05101
625	1.44916	0.05129
626	1.44916	0.05157
627	1.44916	0.05186
628	1.44916	0.05214
629	1.44916	0.05242
630	1.44916	0.0527
631	1.44916	0.05298
632	1.44916	0.05326
633	1.44846	0.05354
634	1.44767	0.05383
635	1.44688	0.05411
636	1.44609	0.05439
637	1.4453	0.05467
638	1.44451	0.05495
639	1.44372	0.05523
640	1.44317	0.05551
641	1.44317	0.0558
642	1.44317	0.05608
643	1.44317	0.05636
644	1.44317	0.05664
645	1.44317	0.05692
646	1.44317	0.0572
647	1.44317	0.05748
648	1.44245	0.05776
649	1.44081	0.05805
650	1.43917	0.05833
651	1.43753	0.05861
652	1.43719	0.05889
653	1.43719	0.05917
654	1.43719	0.05945
655	1.43719	0.05973
656	1.43651	0.06002
657	1.43572	0.0603
658	1.43493	0.06058
659	1.43414	0.06086
660	1.43335	0.06114
661	1.43256	0.06142
662	1.43177	0.0617
663	1.4312	0.06198
664	1.4312	0.06227
665	1.4312	0.06255
666	1.4312	0.06283
667	1.4312	0.06311
668	1.4312	0.06339
669	1.4312	0.06367
670	1.4312	0.06395
671	1.43087	0.06424
672	1.43008	0.06452
673	1.42929	0.0648
674	1.4285	0.06508
675	1.42772	0.06536
676	1.42693	0.06564
677	1.42614	0.06592
678	1.42535	0.06621
679	1.42521	0.06649
680	1.42521	0.06677
681	1.42521	0.06705
682	1.42521	0.06733
683	1.42521	0.06761
684	1.42521	0.06789
685	1.42521	0.06817
686	1.42521	0.06846
687	1.42445	0.06874
688	1.42366	0.06902
689	1.42287	0.0693
690	1.42208	0.06958
691	1.42129	0.06986
692	1.4205	0.07014
693	1.41971	0.07043
694	1.41922	0.07071
695	1.41922	0.07099
696	1.41922	0.07127
697	1.41922	0.07155
698	1.41922	0.07183
699	1.41922	0.07211
700	1.41922	0.0724
701	1.41922	0.07273
702	1.41838	0.07306
703	1.41674	0.07339
704	1.4151	0.07373
705	1.41346	0.07406
706	1.41323	0.07439
707	1.41323	0.07473
708	1.41323	0.07506
709	1.41323	0.07539
710	1.41323	0.07573
711	1.41323	0.07606
712	1.41323	0.07639
713	1.41323	0.07673
714	1.41323	0.07706
715	1.41323	0.07739
716	1.41323	0.07773
717	1.41318	0.07806
718	1.41239	0.07839
719	1.4116	0.07873
720	1.41081	0.07906
721	1.41002	0.07939
722	1.40923	0.07973
723	1.40844	0.08006
724	1.40765	0.08039
725	1.40725	0.08073
726	1.40725	0.08106
727	1.40725	0.08139
728	1.40725	0.08173
729	1.40681	0.08206
730	1.40602	0.08239
731	1.40523	0.08273
732	1.40444	0.08306
733	1.40365	0.08339
734	1.40286	0.08373
735	1.40207	0.08406
736	1.40128	0.08439
737	1.40126	0.08473
738	1.40126	0.08506
739	1.40126	0.08539
740	1.40126	0.08572
741	1.40126	0.08606
742	1.40126	0.08639
743	1.40126	0.08672
744	1.40126	0.08706
745	1.40126	0.08739
746	1.40126	0.08772
747	1.40126	0.08806
748	1.40112	0.08839
749	1.40033	0.08872
750	1.39954	0.08906
751	1.39875	0.08934
752	1.39796	0.08963
753	1.39717	0.08992
754	1.39638	0.0902
755	1.39559	0.09049
756	1.39527	0.09077
757	1.39527	0.09106
758	1.39527	0.09135
759	1.39527	0.09163
760	1.39475	0.09192
761	1.39396	0.09221
762	1.39317	0.09249
763	1.39238	0.09278
764	1.39159	0.09306
765	1.3908	0.09335
766	1.39001	0.09364
767	1.38928	0.09392
768	1.38928	0.09421
769	1.38928	0.09449
770	1.38928	0.09478
771	1.38928	0.09507
772	1.38928	0.09535
773	1.38928	0.09564
774	1.38928	0.09592
775	1.38912	0.09621
776	1.38833	0.0965
777	1.38754	0.09678
778	1.38675	0.09707
779	1.38596	0.09736
780	1.38517	0.09764
781	1.38438	0.09793
782	1.38359	0.09821
783	1.38329	0.0985
784	1.38329	0.09879
785	1.38329	0.09907
786	1.38329	0.09936
787	1.38329	0.09964
788	1.38329	0.09993
789	1.38329	0.10022
790	1.38329	0.1005
791	1.38205	0.10079
792	1.38041	0.10108
793	1.37876	0.10136
794	1.37731	0.10165
795	1.37731	0.10193
796	1.37731	0.10222
797	1.37731	0.10251
798	1.37731	0.10279
799	1.37731	0.10308
800	1.37731	0.10336